1,1594,1416,1076,1450,1911,1113
1,1593,1416,1077,1449,1912,1113
1,1594,1416,1077,1450,1912,1114
1,1593,1415,1076,1450,1912,1113
1,1593,1415,1076,1450,1911,1113
1,1594,1416,1077,1449,1911,1113
1,1594,1416,1077,1450,1911,1113
1,1594,1415,1076,1450,1912,1113
1,1594,1415,1076,1450,1912,1113
1,1594,1416,1077,1451,1912,1113
1,1593,1415,1076,1451,1912,1113
1,1593,1416,1076,1449,1911,1113
1,1594,1415,1077,1450,1912,1113
1,1595,1415,1076,1451,1912,1113
1,1593,1416,1076,1450,1912,1113
1,1594,1416,1076,1449,1912,1114
1,1593,1416,1076,1449,1911,1113
1,1593,1415,1077,1450,1912,1114
1,1594,1414,1076,1451,1912,1113
1,1594,1416,1077,1450,1910,1113
1,1593,1415,1078,1450,1912,1114
1,1594,1416,1076,1451,1914,1114
1,1593,1415,1076,1451,1911,1113
1,1593,1415,1076,1451,1911,1113
1,1593,1415,1077,1450,1911,1114
1,1594,1415,1078,1450,1911,1114
1,1594,1416,1078,1450,1912,1113
1,1594,1416,1077,1449,1912,1113
1,1594,1416,1076,1450,1912,1113
1,1593,1415,1076,1451,1912,1113
1,1594,1416,1076,1450,1911,1113
1,1594,1414,1077,1450,1912,1113
1,1594,1415,1077,1451,1912,1114
1,1594,1415,1077,1451,1912,1114
1,1593,1416,1077,1451,1911,1115
1,1594,1415,1078,1450,1912,1114
1,1593,1415,1077,1451,1912,1113
1,1594,1416,1077,1449,1912,1113
1,1594,1416,1077,1450,1912,1114
1,1593,1416,1076,1449,1911,1113
1,1595,1415,1077,1450,1912,1113
1,1594,1415,1076,1450,1912,1114
1,1593,1415,1076,1451,1912,1113
1,1594,1415,1076,1451,1912,1114
1,1593,1415,1077,1451,1911,1114
1,1593,1415,1076,1450,1911,1113
1,1593,1415,1076,1450,1911,1113
1,1594,1415,1078,1450,1911,1114
1,1594,1415,1078,1450,1911,1114
1,1594,1415,1078,1450,1914,1112
1,1594,1415,1077,1451,1912,1114
1,1594,1414,1077,1451,1912,1114
1,1593,1414,1077,1451,1911,1114
1,1593,1416,1078,1449,1911,1113
1,1592,1416,1076,1450,1911,1113
1,1593,1415,1076,1451,1912,1113
1,1594,1415,1077,1451,1911,1113
1,1592,1415,1077,1450,1911,1113
1,1594,1416,1077,1450,1911,1113
1,1594,1419,1077,1450,1912,1114
1,1594,1415,1076,1451,1912,1113
1,1594,1414,1076,1451,1912,1113
1,1593,1414,1076,1451,1912,1113
1,1593,1415,1076,1450,1911,1113
1,1594,1415,1077,1453,1914,1113
1,1594,1416,1077,1450,1912,1113
1,1594,1415,1076,1451,1909,1113
1,1593,1415,1076,1451,1911,1113
1,1593,1416,1078,1451,1911,1113
1,1594,1416,1077,1450,1911,1113
1,1594,1416,1077,1450,1912,1113
1,1594,1416,1076,1451,1912,1115
1,1593,1416,1077,1450,1911,1114
1,1594,1415,1078,1450,1912,1113
1,1594,1416,1075,1452,1912,1113
1,1594,1414,1077,1451,1911,1114
1,1595,1416,1076,1450,1911,1113
1,1595,1416,1076,1449,1912,1113
1,1594,1416,1077,1450,1912,1113
1,1596,1415,1077,1450,1912,1113
1,1594,1415,1077,1450,1912,1113
1,1594,1415,1078,1450,1912,1113
1,1594,1416,1078,1450,1912,1113
1,1594,1415,1077,1450,1911,1114
1,1594,1416,1077,1449,1912,1114
1,1595,1415,1076,1450,1911,1113
1,1594,1416,1076,1450,1911,1114
1,1593,1415,1076,1451,1911,1113
1,1593,1416,1077,1449,1911,1113
1,1593,1416,1077,1450,1911,1113
1,1593,1416,1076,1450,1911,1113
1,1591,1415,1076,1450,1911,1113
1,1594,1416,1077,1450,1911,1114
1,1593,1415,1076,1450,1911,1113
1,1593,1415,1076,1451,1911,1113
1,1594,1415,1077,1451,1912,1114
1,1594,1414,1077,1451,1912,1113
1,1594,1415,1076,1449,1912,1114
1,1594,1415,1077,1450,1912,1114
1,1594,1415,1076,1451,1912,1113
1,1594,1415,1077,1450,1912,1114
1,1594,1415,1076,1451,1913,1113
1,1596,1415,1076,1450,1912,1114
1,1593,1415,1077,1451,1912,1113
1,1594,1415,1076,1450,1912,1114
1,1593,1415,1076,1451,1912,1114
1,1594,1416,1078,1450,1911,1113
1,1594,1416,1076,1450,1912,1114
1,1594,1414,1077,1451,1912,1113
1,1593,1415,1077,1450,1911,1114
1,1594,1416,1077,1450,1912,1114
1,1594,1414,1076,1450,1912,1113
1,1593,1415,1077,1450,1911,1113
1,1594,1415,1077,1450,1912,1114
1,1594,1416,1076,1451,1912,1113
1,1593,1414,1076,1451,1912,1114
1,1594,1416,1078,1450,1911,1113
1,1593,1416,1076,1451,1912,1113
1,1594,1416,1078,1449,1911,1113
1,1594,1415,1077,1451,1912,1114
1,1593,1415,1076,1451,1913,1114
1,1593,1416,1077,1450,1911,1114
1,1595,1415,1077,1450,1912,1113
1,1594,1416,1078,1450,1912,1114
1,1594,1415,1077,1450,1913,1113
1,1594,1415,1077,1450,1912,1114
1,1594,1415,1077,1449,1912,1113
1,1594,1416,1076,1449,1912,1114
1,1593,1415,1077,1451,1912,1114
1,1594,1416,1077,1450,1911,1114
1,1594,1415,1078,1450,1912,1113
1,1594,1416,1077,1451,1912,1114
1,1594,1414,1076,1451,1912,1114
1,1593,1416,1076,1450,1911,1114
1,1593,1415,1077,1450,1911,1113
1,1594,1415,1078,1450,1911,1114
1,1594,1416,1077,1450,1911,1113
1,1594,1416,1078,1450,1912,1114
1,1594,1415,1078,1450,1911,1113
1,1594,1416,1077,1450,1911,1114
1,1593,1416,1078,1450,1911,1113
1,1594,1419,1077,1450,1911,1113
1,1594,1415,1078,1450,1911,1114
1,1594,1416,1077,1450,1912,1113
1,1594,1415,1077,1450,1912,1113
1,1594,1416,1077,1450,1912,1113
1,1594,1416,1077,1450,1912,1114
1,1594,1416,1078,1450,1912,1115
1,1594,1416,1078,1450,1912,1113
1,1594,1415,1078,1450,1911,1113
1,1594,1416,1077,1450,1911,1114
1,1591,1416,1078,1450,1912,1113
1,1594,1416,1077,1449,1912,1113
1,1593,1416,1076,1451,1912,1113
1,1593,1415,1074,1451,1912,1114
1,1594,1415,1076,1451,1912,1113
1,1594,1414,1076,1451,1911,1113
1,1594,1415,1077,1450,1912,1113
1,1594,1415,1078,1450,1912,1115
1,1594,1416,1077,1456,1911,1114
1,1594,1416,1077,1450,1912,1114
1,1594,1416,1077,1449,1912,1114
1,1594,1416,1077,1449,1911,1113
1,1594,1416,1076,1450,1911,1115
1,1594,1415,1077,1451,1912,1114
1,1594,1416,1077,1451,1912,1116
1,1595,1415,1076,1450,1912,1114
1,1594,1415,1078,1451,1912,1113
1,1599,1414,1076,1450,1912,1114
1,1593,1415,1077,1451,1911,1113
1,1593,1416,1076,1450,1912,1112
1,1593,1415,1077,1450,1911,1113
1,1593,1416,1076,1450,1911,1113
1,1593,1415,1076,1451,1912,1113
1,1593,1414,1077,1451,1912,1114
1,1593,1416,1076,1450,1911,1113
1,1593,1416,1076,1449,1911,1113
1,1595,1416,1077,1449,1912,1113
1,1594,1416,1076,1450,1912,1114
1,1595,1416,1077,1450,1911,1114
1,1595,1417,1076,1450,1911,1114
1,1595,1416,1077,1451,1912,1114
1,1594,1416,1077,1450,1911,1114
1,1591,1415,1078,1450,1912,1113
1,1591,1415,1077,1450,1912,1113
1,1579,1415,1076,1451,1912,1114
1,1551,1416,1077,1450,1911,1113
1,1519,1416,1077,1450,1911,1114
1,1488,1416,1077,1451,1912,1114
1,1457,1418,1077,1449,1912,1113
1,1377,1417,1077,1451,1912,1114
1,1323,1419,1076,1450,1912,1114
1,1273,1418,1076,1451,1912,1113
1,1232,1419,1077,1450,1912,1113
1,1197,1419,1077,1451,1912,1113
1,1197,1418,1077,1451,1911,1113
1,1198,1419,1078,1450,1911,1113
1,1198,1419,1078,1450,1912,1114
1,1196,1419,1077,1450,1912,1113
1,1196,1419,1077,1451,1912,1113
1,1195,1419,1076,1451,1912,1113
1,1195,1419,1076,1451,1911,1113
1,1196,1419,1077,1450,1912,1113
1,1196,1418,1076,1451,1912,1114
1,1197,1419,1078,1450,1911,1113
1,1197,1419,1077,1450,1911,1114
1,1195,1417,1076,1451,1912,1113
1,1196,1418,1077,1450,1913,1113
1,1195,1418,1077,1451,1911,1113
1,1196,1418,1077,1451,1911,1114
1,1197,1419,1078,1450,1912,1114
1,1196,1418,1077,1451,1911,1114
1,1197,1419,1078,1450,1912,1114
1,1195,1418,1076,1450,1911,1114
1,1195,1419,1077,1451,1912,1114
1,1194,1417,1078,1450,1912,1113
1,1193,1419,1077,1451,1913,1113
1,1193,1418,1077,1451,1912,1113
1,1194,1418,1077,1450,1912,1114
1,1193,1418,1076,1450,1911,1113
1,1193,1419,1076,1451,1912,1114
1,1193,1419,1077,1450,1912,1113
1,1193,1418,1077,1451,1912,1113
1,1194,1418,1077,1450,1912,1113
1,1193,1419,1076,1449,1911,1113
1,1193,1419,1077,1451,1912,1114
1,1192,1419,1077,1450,1912,1113
1,1192,1418,1077,1450,1912,1113
1,1193,1419,1078,1451,1912,1114
1,1192,1418,1076,1451,1912,1114
1,1193,1419,1077,1450,1912,1113
1,1192,1418,1076,1451,1912,1113
1,1193,1419,1078,1450,1912,1114
1,1192,1418,1077,1451,1912,1113
1,1192,1419,1077,1449,1912,1114
1,1192,1419,1077,1450,1911,1114
1,1192,1419,1077,1450,1912,1114
1,1191,1419,1076,1450,1911,1114
1,1193,1419,1077,1450,1913,1114
1,1193,1421,1077,1451,1911,1113
1,1192,1428,1078,1450,1912,1115
1,1192,1443,1077,1451,1911,1113
1,1193,1466,1078,1450,1913,1114
1,1192,1465,1076,1451,1912,1113
1,1191,1492,1076,1450,1911,1113
1,1191,1518,1077,1450,1912,1113
1,1189,1542,1077,1449,1912,1114
1,1189,1560,1078,1450,1912,1114
1,1187,1591,1077,1450,1912,1114
1,1183,1638,1076,1450,1911,1114
1,1174,1693,1077,1450,1912,1113
1,1179,1739,1076,1451,1912,1113
1,1184,1765,1079,1449,1912,1115
1,1191,1772,1077,1450,1911,1112
1,1191,1777,1077,1450,1912,1114
1,1192,1776,1076,1451,1913,1113
1,1192,1777,1076,1450,1911,1116
1,1192,1774,1077,1450,1912,1113
1,1193,1772,1077,1451,1912,1113
1,1192,1771,1081,1446,1913,1113
1,1190,1766,1076,1451,1912,1113
1,1182,1755,1077,1450,1912,1113
1,1178,1742,1077,1450,1911,1114
1,1171,1735,1077,1451,1912,1114
1,1170,1734,1078,1450,1912,1114
1,1172,1734,1076,1451,1912,1113
1,1172,1734,1076,1451,1911,1114
1,1171,1734,1078,1451,1911,1114
1,1171,1734,1077,1450,1912,1114
1,1171,1733,1077,1450,1910,1113
1,1169,1730,1077,1450,1911,1113
1,1171,1719,1076,1451,1913,1113
1,1173,1701,1077,1450,1911,1113
1,1175,1674,1076,1451,1912,1114
1,1178,1642,1077,1450,1911,1113
1,1180,1597,1076,1450,1912,1114
1,1186,1504,1077,1450,1911,1113
1,1189,1432,1078,1451,1912,1114
1,1188,1379,1076,1451,1911,1113
1,1188,1378,1076,1451,1912,1114
1,1186,1313,1076,1450,1912,1113
1,1180,1245,1077,1450,1913,1114
1,1177,1172,1077,1451,1911,1114
1,1170,1093,1077,1450,1912,1113
1,1162,1093,1077,1451,1912,1113
1,1160,1093,1078,1450,1912,1115
1,1162,1094,1078,1450,1912,1113
1,1162,1094,1077,1450,1911,1113
1,1161,1096,1077,1451,1912,1113
1,1161,1093,1078,1451,1912,1113
1,1161,1094,1078,1450,1912,1115
1,1162,1094,1077,1450,1914,1113
1,1160,1124,1076,1450,1912,1113
1,1167,1168,1078,1450,1912,1114
1,1177,1227,1077,1451,1912,1114
1,1180,1297,1077,1450,1912,1113
1,1185,1382,1077,1450,1912,1113
1,1187,1455,1079,1448,1912,1114
1,1188,1525,1077,1450,1911,1113
1,1182,1594,1078,1450,1911,1113
1,1173,1683,1077,1449,1912,1114
1,1175,1748,1076,1450,1911,1113
1,1176,1748,1077,1450,1912,1115
1,1175,1750,1077,1450,1912,1114
1,1175,1749,1078,1450,1912,1114
1,1177,1748,1076,1451,1912,1114
1,1177,1748,1076,1449,1911,1114
1,1175,1746,1078,1450,1912,1113
1,1176,1742,1076,1450,1912,1113
1,1170,1735,1077,1451,1912,1113
1,1169,1723,1076,1449,1911,1114
1,1175,1680,1078,1450,1912,1113
1,1185,1605,1076,1450,1912,1113
1,1190,1433,1076,1450,1912,1113
1,1189,1433,1077,1450,1911,1114
1,1188,1364,1078,1450,1912,1114
1,1183,1276,1076,1451,1912,1114
1,1176,1187,1078,1450,1912,1114
1,1163,1094,1079,1449,1911,1114
1,1161,1090,1077,1450,1912,1113
1,1163,1091,1077,1451,1911,1114
1,1162,1091,1077,1450,1912,1112
1,1162,1091,1077,1450,1912,1115
1,1163,1091,1076,1451,1912,1114
1,1162,1091,1078,1450,1911,1114
1,1163,1108,1077,1451,1912,1113
1,1162,1163,1076,1451,1912,1114
1,1168,1163,1077,1449,1911,1114
1,1178,1243,1077,1450,1911,1114
1,1185,1352,1077,1449,1911,1113
1,1189,1462,1077,1450,1911,1113
1,1186,1556,1077,1451,1912,1113
1,1178,1681,1077,1451,1912,1114
1,1175,1751,1076,1450,1912,1113
1,1180,1764,1077,1450,1912,1113
1,1183,1767,1077,1450,1912,1115
1,1183,1765,1076,1451,1912,1113
1,1175,1762,1076,1449,1911,1113
1,1176,1739,1078,1450,1912,1113
1,1170,1713,1077,1451,1912,1114
1,1177,1657,1076,1451,1912,1114
1,1182,1567,1076,1449,1911,1113
1,1188,1489,1076,1451,1912,1113
1,1189,1394,1078,1450,1912,1115
1,1184,1301,1078,1450,1912,1113
1,1180,1202,1077,1451,1912,1113
1,1167,1102,1077,1450,1912,1114
1,1166,1092,1077,1450,1911,1114
1,1165,1091,1077,1449,1912,1115
1,1164,1090,1077,1451,1912,1113
1,1162,1091,1077,1450,1912,1114
1,1166,1092,1078,1451,1912,1113
1,1165,1090,1077,1449,1911,1114
1,1164,1091,1077,1451,1912,1113
1,1166,1118,1077,1450,1911,1114
1,1173,1176,1077,1451,1912,1113
1,1178,1250,1077,1450,1912,1113
1,1186,1361,1078,1450,1912,1114
1,1189,1473,1076,1449,1911,1114
1,1190,1569,1076,1451,1912,1114
1,1184,1693,1077,1451,1911,1113
1,1176,1764,1077,1450,1912,1114
1,1196,1788,1080,1448,1912,1113
1,1200,1789,1077,1450,1911,1113
1,1199,1785,1078,1450,1912,1114
1,1189,1754,1076,1451,1911,1113
1,1174,1729,1076,1451,1912,1113
1,1174,1688,1078,1450,1912,1114
1,1178,1623,1077,1451,1912,1114
1,1183,1549,1077,1450,1911,1113
1,1188,1472,1077,1450,1911,1113
1,1189,1418,1077,1451,1913,1113
1,1188,1346,1077,1450,1911,1114
1,1186,1265,1077,1450,1912,1114
1,1181,1197,1078,1450,1912,1114
1,1174,1133,1078,1451,1912,1113
1,1166,1093,1078,1450,1911,1114
1,1166,1093,1076,1450,1915,1113
1,1167,1094,1077,1450,1911,1114
1,1166,1093,1078,1450,1912,1113
1,1166,1093,1076,1451,1912,1113
1,1167,1106,1077,1451,1912,1114
1,1168,1136,1077,1450,1911,1114
1,1171,1175,1077,1450,1912,1114
1,1178,1232,1077,1450,1912,1114
1,1184,1305,1077,1451,1913,1113
1,1190,1406,1076,1451,1912,1113
1,1190,1495,1076,1451,1912,1113
1,1188,1584,1076,1451,1913,1113
1,1178,1705,1077,1451,1913,1113
1,1189,1775,1077,1450,1911,1114
1,1216,1797,1077,1451,1912,1113
1,1220,1804,1077,1451,1911,1114
1,1217,1802,1077,1450,1912,1113
1,1216,1795,1076,1451,1912,1114
1,1202,1785,1077,1451,1912,1114
1,1183,1754,1078,1450,1912,1114
1,1184,1714,1076,1450,1912,1114
1,1179,1714,1077,1451,1911,1114
1,1184,1558,1078,1450,1912,1114
1,1189,1469,1076,1451,1912,1114
1,1189,1382,1077,1450,1912,1113
1,1189,1295,1076,1451,1913,1114
1,1182,1210,1077,1450,1911,1113
1,1174,1128,1077,1450,1913,1113
1,1165,1089,1078,1450,1911,1113
1,1166,1089,1077,1450,1911,1114
1,1166,1088,1077,1453,1914,1113
1,1166,1088,1077,1449,1911,1114
1,1167,1089,1077,1450,1909,1113
1,1166,1089,1076,1450,1912,1113
1,1166,1093,1077,1450,1912,1113
1,1168,1139,1077,1450,1912,1113
1,1177,1208,1077,1450,1912,1114
1,1183,1288,1077,1450,1911,1114
1,1190,1385,1078,1450,1911,1114
1,1192,1481,1078,1450,1912,1114
1,1190,1572,1078,1450,1912,1113
1,1181,1697,1078,1450,1912,1113
1,1192,1780,1077,1450,1912,1113
1,1222,1804,1076,1451,1912,1114
1,1221,1806,1076,1450,1911,1114
1,1225,1806,1077,1450,1911,1114
1,1225,1806,1077,1450,1912,1114
1,1232,1800,1077,1451,1912,1114
1,1252,1798,1078,1451,1912,1114
1,1274,1796,1078,1450,1911,1114
1,1310,1796,1077,1451,1912,1113
1,1358,1797,1076,1449,1911,1114
1,1419,1795,1078,1450,1912,1113
1,1485,1796,1077,1450,1912,1114
1,1554,1795,1077,1450,1912,1115
1,1596,1797,1077,1451,1912,1113
1,1596,1798,1076,1451,1913,1113
1,1651,1798,1078,1450,1911,1114
1,1704,1796,1078,1450,1912,1113
1,1793,1794,1077,1450,1912,1113
1,1825,1790,1077,1451,1912,1114
1,1853,1786,1076,1452,1912,1114
1,1878,1774,1078,1450,1912,1114
1,1892,1757,1078,1450,1912,1113
1,1924,1723,1076,1451,1912,1114
1,1973,1681,1078,1450,1911,1113
1,2010,1639,1077,1451,1913,1113
1,2020,1633,1078,1450,1911,1113
1,2020,1625,1076,1450,1913,1113
1,2019,1625,1077,1451,1912,1113
1,2019,1617,1077,1451,1912,1114
1,2019,1610,1077,1450,1911,1114
1,2014,1562,1077,1450,1912,1114
1,2016,1540,1076,1451,1912,1114
1,2020,1506,1077,1450,1911,1114
1,2016,1457,1078,1450,1911,1113
1,2014,1411,1077,1450,1912,1113
1,2014,1351,1078,1450,1912,1113
1,2015,1273,1076,1451,1913,1114
1,2022,1183,1076,1451,1911,1114
1,2022,1073,1078,1450,1912,1113
1,2034,1072,1078,1450,1913,1113
1,2037,1048,1077,1450,1912,1114
1,2012,1049,1076,1451,1912,1115
1,1975,1047,1076,1451,1912,1114
1,1927,1047,1078,1450,1912,1113
1,1863,1048,1076,1451,1912,1114
1,1789,1049,1077,1450,1911,1114
1,1715,1049,1078,1450,1912,1114
1,1623,1048,1076,1451,1912,1114
1,1548,1053,1075,1451,1911,1113
1,1431,1048,1077,1450,1912,1114
1,1430,1047,1076,1451,1912,1114
1,1279,1048,1077,1450,1913,1114
1,1178,1071,1076,1451,1912,1113
1,1173,1077,1077,1450,1913,1113
1,1168,1129,1077,1450,1912,1114
1,1178,1204,1078,1450,1912,1113
1,1188,1293,1077,1450,1912,1114
1,1193,1391,1078,1450,1912,1114
1,1194,1477,1077,1449,1911,1114
1,1194,1560,1077,1450,1912,1114
1,1190,1678,1077,1449,1911,1114
1,1195,1790,1077,1451,1911,1114
1,1196,1808,1077,1451,1912,1113
1,1255,1808,1077,1450,1912,1114
1,1368,1814,1076,1450,1912,1114
1,1465,1810,1077,1450,1911,1114
1,1597,1809,1077,1450,1912,1114
1,1670,1806,1076,1450,1911,1114
1,1758,1792,1077,1450,1912,1114
1,1874,1764,1076,1451,1912,1114
1,1986,1713,1077,1449,1912,1114
1,2031,1677,1077,1451,1911,1114
1,2029,1672,1077,1450,1912,1114
1,2023,1639,1076,1450,1911,1115
1,2023,1569,1076,1451,1912,1114
1,2016,1570,1077,1450,1911,1113
1,2012,1500,1077,1450,1912,1114
1,2012,1412,1077,1451,1911,1113
1,2015,1316,1077,1451,1912,1113
1,2028,1073,1077,1450,1912,1115
1,2010,1046,1076,1450,1912,1114
1,1924,1042,1076,1451,1911,1114
1,1814,1040,1077,1450,1912,1114
1,1694,1039,1077,1450,1912,1114
1,1589,1041,1077,1450,1913,1113
1,1589,1042,1076,1450,1911,1113
1,1487,1041,1077,1451,1911,1113
1,1374,1042,1077,1451,1912,1113
1,1252,1047,1077,1451,1913,1113
1,1166,1096,1078,1449,1914,1114
1,1175,1137,1075,1450,1911,1113
1,1180,1249,1076,1450,1912,1114
1,1187,1334,1077,1449,1912,1114
1,1191,1421,1076,1450,1912,1113
1,1194,1482,1076,1450,1912,1115
1,1193,1542,1077,1451,1912,1113
1,1193,1645,1076,1449,1911,1114
1,1193,1748,1078,1450,1913,1114
1,1196,1748,1076,1452,1911,1114
1,1232,1808,1077,1450,1912,1113
1,1336,1810,1077,1451,1912,1114
1,1489,1807,1077,1451,1911,1113
1,1592,1806,1078,1450,1912,1113
1,1732,1806,1078,1450,1912,1113
1,1825,1777,1077,1450,1912,1114
1,1938,1732,1076,1451,1912,1114
1,2034,1665,1077,1450,1911,1113
1,2031,1641,1077,1450,1912,1114
1,2020,1604,1077,1451,1913,1113
1,2020,1526,1076,1450,1911,1114
1,2016,1526,1078,1450,1911,1113
1,2014,1434,1077,1451,1912,1114
1,2013,1351,1077,1450,1912,1114
1,2013,1260,1076,1451,1912,1113
1,2017,1149,1078,1450,1912,1113
1,1996,1043,1077,1449,1912,1114
1,1892,1047,1078,1451,1912,1114
1,1753,1040,1078,1451,1912,1113
1,1613,1040,1078,1450,1913,1113
1,1537,1041,1078,1450,1912,1115
1,1438,1041,1079,1450,1912,1114
1,1438,1042,1077,1450,1911,1113
1,1327,1041,1077,1450,1912,1113
1,1252,1043,1077,1449,1912,1115
1,1179,1083,1076,1450,1911,1114
1,1165,1102,1077,1450,1912,1114
1,1167,1159,1077,1451,1912,1113
1,1183,1235,1076,1451,1911,1114
1,1191,1406,1078,1450,1911,1113
1,1193,1485,1077,1449,1912,1113
1,1195,1564,1078,1450,1912,1114
1,1207,1678,1078,1450,1911,1114
1,1207,1778,1078,1450,1911,1114
1,1233,1782,1077,1449,1911,1114
1,1271,1809,1078,1450,1912,1113
1,1373,1810,1077,1451,1912,1113
1,1481,1809,1078,1451,1913,1114
1,1558,1810,1077,1450,1912,1114
1,1599,1808,1077,1450,1911,1114
1,1661,1800,1078,1450,1912,1113
1,1852,1776,1077,1449,1912,1115
1,1975,1668,1077,1451,1913,1114
1,2031,1628,1077,1450,1911,1114
1,2028,1604,1076,1450,1911,1114
1,2028,1533,1077,1451,1913,1114
1,2017,1456,1077,1450,1912,1113
1,2015,1456,1076,1452,1912,1114
1,2012,1378,1076,1451,1912,1113
1,2009,1279,1077,1450,1913,1113
1,2010,1168,1077,1450,1912,1113
1,2007,1048,1077,1451,1912,1113
1,1987,1037,1078,1450,1912,1113
1,1777,1036,1078,1451,1913,1113
1,1634,1037,1078,1451,1913,1113
1,1523,1039,1076,1451,1917,1109
1,1414,1039,1078,1451,1912,1114
1,1414,1040,1078,1451,1913,1113
1,1292,1041,1078,1450,1913,1114
1,1182,1061,1077,1450,1911,1114
1,1166,1092,1076,1450,1912,1113
1,1168,1119,1077,1450,1912,1114
1,1174,1181,1077,1450,1911,1114
1,1180,1255,1078,1450,1913,1113
1,1190,1346,1076,1451,1912,1113
1,1195,1428,1077,1450,1911,1113
1,1193,1617,1077,1450,1912,1114
1,1200,1740,1078,1449,1913,1114
1,1235,1809,1078,1450,1912,1113
1,1236,1811,1077,1450,1912,1114
1,1335,1810,1077,1450,1912,1114
1,1438,1810,1077,1450,1912,1114
1,1520,1810,1076,1451,1912,1114
1,1597,1808,1076,1451,1912,1113
1,1676,1809,1077,1451,1912,1113
1,1765,1801,1076,1450,1912,1114
1,1870,1789,1076,1451,1911,1114
1,1975,1789,1077,1450,1912,1113
1,2036,1782,1079,1450,1911,1114
1,2036,1777,1077,1450,1912,1114
1,2037,1755,1077,1451,1912,1114
1,2037,1730,1076,1451,1912,1113
1,2036,1730,1077,1451,1913,1114
1,2037,1706,1078,1450,1911,1113
1,2035,1681,1078,1450,1912,1115
1,2033,1659,1077,1450,1911,1114
1,2031,1639,1078,1450,1913,1115
1,2029,1621,1077,1451,1911,1114
1,2029,1614,1077,1450,1911,1113
1,2028,1612,1077,1450,1912,1114
1,2029,1610,1077,1451,1912,1114
1,2028,1608,1077,1451,1913,1113
1,2028,1599,1078,1451,1912,1113
1,2035,1575,1077,1451,1911,1114
1,2037,1576,1076,1450,1911,1114
1,2034,1541,1076,1451,1912,1114
1,2031,1497,1078,1450,1912,1114
1,2028,1440,1078,1450,1912,1114
1,2026,1372,1076,1451,1912,1114
1,2027,1283,1079,1450,1912,1114
1,2034,1177,1077,1451,1913,1113
1,2037,1059,1077,1450,1912,1114
1,2036,1047,1077,1451,1911,1114
1,2037,1048,1078,1450,1911,1114
1,2037,1049,1079,1450,1912,1114
1,2037,1048,1079,1450,1914,1113
1,2037,1049,1078,1450,1911,1115
1,2036,1051,1078,1451,1912,1113
1,2037,1089,1078,1451,1911,1113
1,2030,1174,1078,1450,1912,1113
1,2016,1263,1079,1450,1913,1113
1,2015,1362,1079,1450,1912,1114
1,2016,1455,1077,1450,1911,1114
1,2030,1542,1078,1451,1911,1114
1,2036,1650,1077,1450,1912,1115
1,2036,1764,1079,1450,1912,1114
1,2037,1789,1078,1450,1912,1114
1,2037,1790,1077,1449,1913,1114
1,2036,1789,1078,1450,1911,1114
1,2037,1789,1078,1450,1912,1113
1,2037,1790,1077,1451,1912,1113
1,2037,1788,1078,1451,1912,1114
1,2036,1774,1077,1451,1912,1115
1,2037,1757,1078,1451,1911,1115
1,2035,1716,1077,1451,1912,1114
1,2036,1655,1077,1451,1912,1114
1,2036,1578,1077,1451,1912,1114
1,2023,1502,1078,1451,1913,1114
1,2022,1333,1078,1451,1912,1114
1,2019,1229,1078,1451,1912,1114
1,2027,1229,1078,1451,1911,1114
1,2037,1121,1078,1450,1911,1114
1,2037,1052,1079,1450,1911,1114
1,2037,1049,1079,1450,1911,1114
1,2037,1049,1078,1450,1911,1114
1,2041,1049,1079,1450,1912,1113
1,2036,1049,1077,1451,1914,1113
1,2037,1050,1077,1450,1911,1114
1,2037,1083,1078,1450,1911,1113
1,2022,1155,1078,1450,1911,1113
1,2016,1342,1078,1450,1913,1114
1,2016,1437,1077,1451,1913,1113
1,2015,1438,1077,1450,1913,1114
1,2016,1539,1077,1449,1911,1114
1,2022,1655,1078,1451,1911,1114
1,2032,1768,1077,1450,1912,1114
1,2037,1790,1078,1450,1912,1113
1,2037,1790,1078,1450,1911,1114
1,2037,1786,1077,1450,1912,1114
1,2036,1764,1078,1450,1912,1115
1,2037,1713,1078,1451,1912,1114
1,2027,1627,1078,1451,1911,1114
1,2027,1433,1078,1451,1912,1115
1,2021,1335,1079,1449,1911,1114
1,2015,1335,1078,1451,1913,1114
1,2017,1233,1078,1450,1911,1114
1,2029,1125,1077,1451,1911,1114
1,2035,1051,1078,1450,1912,1114
1,2037,1052,1079,1450,1912,1115
1,2037,1051,1078,1450,1913,1115
1,2036,1051,1078,1451,1912,1113
1,2037,1053,1078,1451,1912,1113
1,2038,1079,1077,1451,1911,1113
1,2035,1157,1077,1451,1911,1114
1,2018,1246,1077,1450,1911,1114
1,2016,1352,1079,1450,1912,1113
1,2013,1449,1079,1450,1912,1114
1,2015,1546,1078,1450,1912,1113
1,2020,1649,1079,1450,1911,1115
1,2030,1742,1077,1450,1911,1114
1,2036,1788,1079,1450,1912,1113
1,2037,1788,1078,1451,1913,1113
1,2037,1788,1079,1450,1911,1114
1,2035,1782,1079,1450,1912,1113
1,2036,1767,1079,1450,1913,1115
1,2037,1736,1078,1450,1912,1113
1,2036,1670,1078,1450,1912,1113
1,2028,1568,1078,1450,1911,1114
1,2019,1463,1078,1450,1912,1114
1,2015,1382,1078,1449,1911,1114
1,2017,1292,1078,1451,1912,1114
1,2021,1203,1078,1450,1912,1113
1,2034,1118,1078,1451,1912,1113
1,2037,1053,1079,1450,1913,1113
1,2036,1052,1078,1451,1912,1113
1,2037,1052,1077,1450,1911,1114
1,2037,1051,1078,1451,1912,1115
1,2036,1051,1077,1451,1912,1113
1,2037,1054,1079,1450,1911,1114
1,2037,1078,1078,1451,1912,1114
1,2030,1147,1078,1451,1911,1114
1,2016,1240,1078,1451,1912,1115
1,2013,1347,1078,1451,1912,1117
1,2012,1431,1077,1451,1912,1114
1,2018,1505,1078,1450,1911,1114
1,2023,1580,1078,1450,1912,1113
1,2027,1665,1079,1450,1913,1114
1,2035,1743,1077,1450,1911,1113
1,2037,1788,1078,1451,1912,1114
1,2036,1788,1078,1450,1912,1114
1,2036,1788,1079,1454,1913,1114
1,2037,1783,1079,1450,1912,1113
1,2037,1780,1080,1451,1912,1114
1,2037,1784,1079,1450,1912,1114
1,2037,1784,1079,1450,1911,1114
1,2015,1780,1077,1451,1912,1114
1,1957,1789,1078,1451,1912,1113
1,1847,1790,1078,1451,1912,1114
1,1693,1790,1078,1450,1911,1113
1,1579,1791,1076,1451,1912,1113
1,1478,1791,1077,1450,1911,1113
1,1383,1787,1079,1450,1912,1113
1,1285,1786,1078,1450,1912,1114
1,1198,1785,1077,1451,1912,1114
1,1176,1740,1077,1450,1911,1114
1,1176,1717,1078,1450,1911,1113
1,1178,1681,1077,1451,1912,1114
1,1179,1650,1077,1451,1913,1114
1,1181,1615,1077,1450,1911,1114
1,1183,1570,1078,1450,1912,1113
1,1186,1541,1078,1451,1913,1113
1,1187,1504,1077,1451,1912,1114
1,1188,1454,1078,1451,1912,1113
1,1188,1403,1078,1451,1911,1114
1,1188,1342,1078,1451,1912,1113
1,1182,1265,1077,1451,1912,1113
1,1177,1186,1078,1451,1913,1114
1,1165,1106,1076,1450,1913,1114
1,1164,1090,1077,1451,1912,1114
1,1165,1089,1077,1451,1912,1114
1,1164,1090,1078,1451,1913,1113
1,1165,1091,1076,1451,1911,1113
1,1165,1090,1077,1450,1911,1114
1,1162,1097,1077,1450,1911,1113
1,1164,1145,1077,1451,1912,1114
1,1175,1221,1078,1451,1912,1113
1,1175,1222,1077,1450,1911,1113
1,1188,1307,1077,1449,1911,1114
1,1188,1504,1076,1450,1911,1114
1,1184,1581,1077,1449,1912,1114
1,1178,1687,1078,1450,1911,1113
1,1174,1745,1078,1450,1911,1113
1,1180,1767,1079,1450,1911,1114
1,1190,1776,1077,1450,1911,1114
1,1191,1776,1078,1450,1912,1114
1,1190,1767,1077,1450,1912,1114
1,1180,1744,1079,1450,1912,1114
1,1181,1717,1078,1451,1912,1113
1,1172,1717,1078,1451,1913,1114
1,1180,1658,1078,1451,1912,1113
1,1187,1480,1077,1451,1911,1114
1,1189,1384,1077,1450,1912,1114
1,1187,1291,1078,1451,1912,1114
1,1181,1196,1078,1450,1911,1114
1,1172,1100,1078,1451,1913,1113
1,1165,1088,1077,1451,1911,1114
1,1172,1088,1077,1450,1912,1114
1,1163,1089,1079,1451,1911,1114
1,1165,1089,1079,1450,1913,1113
1,1165,1088,1077,1451,1911,1114
1,1164,1088,1079,1450,1913,1114
1,1163,1090,1078,1451,1913,1114
1,1167,1162,1077,1451,1913,1113
1,1177,1232,1077,1451,1912,1114
1,1182,1322,1079,1450,1912,1114
1,1189,1419,1077,1451,1911,1114
1,1189,1508,1078,1451,1913,1114
1,1183,1604,1079,1450,1913,1114
1,1176,1702,1077,1450,1911,1114
1,1175,1749,1077,1450,1911,1114
1,1184,1768,1078,1451,1911,1114
1,1184,1767,1076,1450,1911,1114
1,1185,1767,1077,1450,1912,1114
1,1181,1759,1077,1450,1912,1114
1,1170,1739,1078,1450,1911,1113
1,1176,1668,1077,1450,1911,1113
1,1178,1597,1078,1453,1912,1113
1,1183,1511,1078,1451,1913,1114
1,1190,1409,1078,1450,1912,1114
1,1185,1310,1078,1451,1911,1113
1,1179,1210,1077,1450,1912,1114
1,1167,1118,1078,1451,1912,1114
1,1165,1091,1078,1451,1913,1114
1,1165,1091,1077,1451,1911,1113
1,1164,1091,1078,1451,1911,1114
1,1164,1091,1078,1451,1913,1114
1,1164,1091,1078,1451,1913,1114
1,1163,1111,1078,1452,1912,1114
1,1170,1165,1078,1452,1912,1113
1,1178,1234,1078,1450,1911,1113
1,1184,1324,1078,1450,1911,1113
1,1190,1421,1077,1451,1911,1113
1,1190,1504,1078,1451,1912,1114
1,1186,1591,1078,1451,1913,1114
1,1179,1690,1078,1451,1912,1114
1,1178,1690,1077,1451,1912,1115
1,1177,1749,1078,1451,1911,1114
1,1186,1768,1079,1450,1913,1114
1,1189,1773,1078,1451,1913,1114
1,1182,1759,1079,1450,1912,1115
1,1175,1738,1078,1451,1911,1114
1,1173,1707,1078,1450,1912,1114
1,1178,1641,1077,1450,1912,1114
1,1183,1544,1076,1451,1912,1114
1,1190,1432,1079,1450,1912,1114
1,1190,1313,1078,1451,1912,1114
1,1180,1188,1079,1450,1912,1114
1,1181,1086,1078,1450,1911,1113
1,1166,1085,1078,1451,1912,1113
1,1170,1080,1078,1450,1912,1113
1,1170,1079,1078,1451,1911,1113
1,1169,1079,1077,1451,1913,1113
1,1170,1079,1077,1450,1912,1114
1,1169,1083,1078,1450,1912,1114
1,1165,1106,1079,1450,1913,1114
1,1173,1165,1078,1451,1913,1114
1,1181,1246,1078,1450,1911,1114
1,1188,1347,1078,1450,1912,1113
1,1192,1448,1079,1450,1913,1114
1,1191,1544,1078,1451,1912,1114
1,1193,1545,1078,1451,1912,1114
1,1190,1667,1078,1450,1911,1114
1,1180,1769,1078,1450,1911,1113
1,1299,1809,1077,1450,1912,1113
1,1427,1797,1078,1450,1912,1113
1,1528,1795,1079,1450,1913,1113
1,1596,1794,1078,1450,1912,1113
1,1685,1792,1077,1451,1912,1115
1,1795,1789,1078,1450,1912,1113
1,1925,1788,1079,1450,1913,1114
1,2037,1788,1078,1451,1912,1114
1,2037,1788,1079,1450,1912,1114
1,2037,1788,1079,1450,1911,1114
1,2036,1786,1079,1450,1913,1114
1,2037,1778,1078,1451,1913,1114
1,2037,1766,1078,1450,1912,1114
1,2037,1744,1079,1450,1912,1114
1,2037,1642,1077,1451,1912,1113
1,2028,1559,1079,1453,1913,1114
1,2018,1472,1078,1450,1915,1114
1,2016,1389,1078,1451,1912,1114
1,2016,1294,1079,1450,1912,1113
1,2022,1189,1077,1451,1911,1113
1,2022,1065,1078,1451,1912,1113
1,2037,1065,1078,1451,1912,1113
1,2037,1052,1079,1450,1912,1114
1,2036,1048,1078,1451,1912,1113
1,2036,1048,1077,1451,1912,1113
1,2037,1052,1078,1451,1912,1114
1,2036,1052,1077,1450,1913,1114
1,2037,1074,1078,1456,1912,1113
1,2037,1144,1078,1451,1912,1114
1,2022,1206,1078,1451,1912,1114
1,2016,1292,1078,1451,1911,1114
1,2015,1394,1078,1451,1913,1113
1,2015,1483,1078,1451,1913,1113
1,2016,1483,1078,1451,1913,1114
1,2022,1572,1078,1451,1912,1114
1,2028,1681,1078,1451,1911,1113
1,2037,1779,1078,1450,1911,1113
1,2036,1790,1079,1451,1912,1114
1,2036,1790,1078,1450,1912,1114
1,2037,1790,1079,1450,1913,1113
1,2036,1788,1078,1450,1912,1114
1,2036,1768,1078,1451,1913,1113
1,2037,1732,1078,1451,1913,1114
1,2037,1669,1079,1449,1911,1114
1,2034,1581,1078,1450,1912,1113
1,2024,1580,1078,1451,1913,1114
1,2018,1499,1079,1450,1912,1113
1,2015,1412,1078,1450,1913,1115
1,2016,1317,1078,1451,1911,1114
1,2022,1216,1078,1451,1913,1114
1,2037,1051,1079,1450,1912,1114
1,2037,1053,1079,1451,1913,1114
1,2029,1053,1078,1451,1911,1114
1,2022,1054,1079,1450,1913,1114
1,2017,1060,1079,1450,1912,1114
1,2016,1090,1078,1451,1912,1114
1,2007,1165,1079,1450,1912,1113
1,1962,1165,1078,1449,20361,1114
1,1848,1249,1077,1450,1912,1114
1,1721,1345,1079,1450,1912,1114
1,1625,1413,1078,1451,1913,1114
1,1596,1422,1079,1450,1912,1114
1,1593,1421,1077,1451,1912,1113
1,1594,1422,1079,1452,1911,1114
1,1594,1422,1079,1450,1912,1114
1,1589,1426,1078,1451,1913,1115
1,1588,1426,1079,1450,1913,1114
1,1588,1426,1078,1451,1912,1114
1,1588,1426,1078,1450,1912,1113
1,1590,1425,1079,1450,1912,1114
1,1591,1425,1078,1450,1911,1114
1,1592,1425,1078,1451,1912,1113
1,1588,1426,1079,1450,1913,1113
1,1588,1425,1077,1450,1912,1115
1,1591,1424,1077,1451,1912,1113
1,1592,1425,1078,1450,1911,1114
1,1593,1425,1078,1450,1912,1114
1,1594,1425,1077,1451,1911,1114
1,1591,1425,1078,1451,1911,1115
1,1592,1426,1079,1450,1913,1113
1,1592,1426,1078,1451,1912,1114
1,1594,1425,1078,1450,1912,1114
1,1595,1427,1079,1450,1913,1114
1,1596,1433,1078,1451,1913,1114
1,1595,1456,1078,1451,1912,1113
1,1596,1491,1079,1450,1911,1114
1,1596,1532,1079,1450,1911,1114
1,1596,1638,1079,1450,1913,1114
1,1595,1694,1079,1450,1912,1113
1,1594,1754,1078,1450,1912,1114
1,1595,1797,1078,1451,1912,1113
1,1597,1809,1078,1452,1912,1113
1,1648,1810,1078,1450,1912,1113
1,1674,1809,1079,1450,1912,1114
1,1677,1809,1078,1451,1913,1114
1,1673,1813,1078,1450,1912,1114
1,1654,1809,1079,1450,1912,1114
1,1614,1807,1079,1450,1913,1114
1,1593,1798,1078,1451,1913,1113
1,1591,1791,1079,1450,1912,1114
1,1592,1788,1078,1450,1913,1114
1,1588,1796,1078,1451,1913,1114
1,1587,1795,1078,1450,1912,1113
1,1588,1795,1078,1451,1912,1113
1,1589,1796,1077,1451,1912,1113
1,1588,1796,1078,1450,1913,1114
1,1591,1796,1078,1451,1913,1113
1,1591,1798,1078,1451,1911,1114
1,1590,1800,1079,1450,1912,1115
1,1590,1804,1078,1450,1912,1114
1,1595,1803,1078,1451,1912,1114
1,1595,1804,1078,1450,1911,1114
1,1595,1808,1079,1450,1912,1115
1,1595,1807,1079,1451,1912,1114
1,1596,1807,1077,1452,1912,1114
1,1598,1807,1078,1450,1913,1113
1,1617,1807,1077,1450,1911,1114
1,1650,1807,1078,1451,1912,1114
1,1677,1807,1079,1450,1912,1113
1,1712,1807,1078,1450,1912,1114
1,1744,1809,1077,1450,1913,1114
1,1776,1809,1078,1451,1912,1114
1,1816,1808,1077,1451,1912,1114
1,1931,1807,1079,1450,1912,1113
1,1973,1806,1079,1450,1912,1114
1,2029,1803,1077,1451,1911,1113
1,2029,1803,1078,1451,1911,1113
1,2028,1803,1079,1450,1913,1114
1,2031,1803,1079,1450,1912,1113
1,2029,1803,1078,1450,1912,1114
1,2029,1804,1078,1450,1911,1113
1,2030,1802,1077,1451,1913,1113
1,2029,1803,1079,1450,1912,1113
1,2029,1803,1078,1452,1912,1114
1,2028,1804,1079,1450,1912,1114
1,2017,1804,1078,1451,1912,1114
1,1973,1808,1078,1451,1912,1114
1,1927,1807,1078,1451,1912,1113
1,1927,1808,1079,1451,1911,1113
1,1864,1808,1078,1452,1912,1113
1,1759,1813,1079,1450,1912,1114
1,1647,1815,1078,1451,1912,1113
1,1551,1814,1079,1451,1912,1113
1,1471,1814,1077,1451,1912,1113
1,1388,1814,1079,1450,1912,1114
1,1311,1812,1077,1451,1913,1113
1,1234,1809,1077,1450,1911,1114
1,1215,1807,1078,1450,1913,1113
1,1215,1804,1079,1450,1912,1114
1,1216,1806,1078,1450,1911,1114
1,1215,1806,1078,1451,1913,1114
1,1215,1807,1078,1452,1913,1114
1,1216,1804,1078,1451,1912,1113
1,1223,1807,1077,1450,1913,1113
1,1280,1809,1077,1451,1912,1114
1,1381,1809,1078,1451,1912,1114
1,1501,1808,1078,1451,1913,1114
1,1597,1808,1077,1450,1911,1113
1,1685,1814,1079,1451,1911,1114
1,1788,1814,1078,1451,1912,1113
1,2003,1814,1078,1451,1912,1113
1,2003,1808,1078,1451,1913,1114
1,2029,1810,1078,1450,1912,1114
1,2029,1810,1079,1450,1912,1113
1,2029,1808,1078,1451,1913,1114
1,2037,1801,1078,1451,1912,1114
1,2036,1741,1079,1450,1913,1114
1,2037,1758,1078,1451,1912,1114
1,2036,1797,1078,1450,1912,1113
1,2006,1804,1078,1450,1912,1113
1,1945,1804,1078,1451,1912,1114
1,1876,1803,1079,1450,1913,1114
1,1746,1804,1078,1452,1912,1114
1,1746,1804,1077,1451,1912,1113
1,1683,1806,1078,1450,1912,1113
1,1600,1806,1079,1450,1913,1114
1,1546,1809,1077,1457,1911,1113
1,1460,1809,1079,1450,1913,1114
1,1350,1808,1078,1451,1912,1114
1,1239,1808,1079,1450,1913,1114
1,1209,1792,1077,1452,1912,1113
1,1194,1778,1078,1450,1912,1114
1,1188,1768,1079,1450,1913,1114
1,1189,1769,1078,1451,1913,1114
1,1190,1768,1079,1450,1911,1114
1,1199,1788,1077,1452,1912,1114
1,1199,1788,1079,1450,1911,1113
1,1217,1801,1078,1450,1913,1114
1,1240,1807,1078,1451,1911,1115
1,1280,1807,1079,1450,1912,1114
1,1312,1806,1078,1451,1912,1114
1,1358,1808,1078,1450,1912,1114
1,1422,1808,1077,1451,1913,1113
1,1499,1808,1078,1451,1913,1114
1,1586,1809,1083,1446,1912,1114
1,1668,1807,1079,1450,1912,1114
1,1773,1807,1078,1451,1913,1114
1,1980,1806,1078,1451,1912,1114
1,1975,1807,1078,1451,1912,1114
1,2037,1797,1078,1450,1913,1115
1,2037,1797,1077,1451,1912,1113
1,2037,1797,1078,1451,1911,1114
1,2037,1797,1079,1450,1912,1114
1,2037,1795,1078,1451,1913,1114
1,2037,1796,1079,1450,1912,1114
1,2032,1795,1078,1450,1913,1114
1,2013,1797,1079,1451,1911,1114
1,1970,1797,1078,1451,1912,1114
1,1899,1802,1079,1450,1913,1114
1,1799,1804,1078,1451,1912,1114
1,1688,1807,1079,1450,1916,1110
1,1577,1807,1078,1451,1911,1114
1,1471,1804,1079,1451,1911,1113
1,1362,1807,1078,1450,1911,1114
1,1262,1806,1078,1451,1912,1114
1,1214,1797,1079,1450,1913,1114
1,1195,1778,1078,1451,1911,1114
1,1185,1764,1077,1450,1913,1114
1,1179,1750,1078,1451,1912,1114
1,1175,1743,1079,1450,1913,1114
1,1177,1743,1078,1451,1911,1114
1,1175,1744,1079,1450,1913,1114
1,1177,1743,1078,1451,1912,1114
1,1176,1747,1078,1451,1912,1114
1,1181,1759,1078,1451,1913,1114
1,1191,1777,1078,1451,1913,1114
1,1213,1794,1076,1450,1911,1113
1,1230,1809,1078,1450,1911,1113
1,1269,1811,1079,1450,1913,1114
1,1332,1811,1079,1450,1913,1114
1,1407,1810,1077,1450,1913,1115
1,1502,1810,1077,1451,1912,1113
1,1596,1809,1077,1451,1912,1114
1,1695,1811,1078,1450,1913,1114
1,1807,1809,1078,1451,1913,1114
1,1917,1804,1078,1452,1912,1113
1,2018,1797,1077,1451,1913,1113
1,2037,1793,1078,1451,1913,1114
1,2037,1792,1079,1450,1911,1114
1,2036,1791,1079,1450,1912,1113
1,2036,1788,1079,1450,1913,1115
1,2038,1785,1078,1451,1912,1114
1,2037,1785,1078,1450,1911,1114
1,2037,1790,1078,1450,1912,1114
1,2024,1791,1078,1450,1911,1113
1,1991,1794,1079,1450,1915,1112
1,1940,1801,1078,1451,1913,1114
1,1870,1803,1078,1450,1912,1114
1,1778,1804,1078,1451,1912,1114
1,1682,1804,1079,1450,1911,1113
1,1588,1803,1078,1450,1912,1114
1,1512,1803,1078,1451,1912,1115
1,1454,1803,1079,1450,1912,1114
1,1406,1803,1077,1450,1911,1115
1,1378,1803,1078,1451,1912,1114
1,1351,1803,1077,1451,1912,1114
1,1340,1805,1076,1450,1912,1113
1,1340,1804,1078,1450,1912,1113
1,1352,1798,1079,1450,1911,1113
1,1382,1792,1079,1451,1912,1114
1,1416,1792,1078,1451,1913,1114
1,1440,1792,1077,1451,1911,1113
1,1468,1796,1078,1451,1913,1114
1,1494,1797,1078,1450,1911,1114
1,1519,1796,1078,1450,1912,1114
1,1559,1797,1077,1451,1913,1114
1,1588,1797,1078,1451,1914,1112
1,1596,1798,1079,1450,1912,1114
1,1603,1799,1078,1452,1912,1113
1,1603,1798,1078,1452,1912,1113
1,1611,1798,1078,1451,1912,1114
1,1640,1797,1078,1452,1911,1114
1,1649,1798,1079,1451,1911,1114
1,1649,1798,1078,1451,1911,1114
1,1650,1798,1078,1451,1912,1114
1,1650,1798,1077,1451,1913,1115
1,1648,1800,1079,1450,1912,1114
1,1640,1800,1078,1451,1912,1112
1,1626,1806,1079,1450,1912,1114
1,1617,1806,1077,1451,1912,1113
1,1609,1804,1079,1450,1912,1114
1,1610,1804,1078,1450,1912,1115
1,1610,1805,1076,1450,1912,1114
1,1621,1803,1077,1451,1912,1113
1,1635,1798,1077,1450,1912,1113
1,1646,1798,1079,1451,1912,1114
1,1649,1799,1078,1450,1912,1115
1,1648,1799,1079,1450,1913,1114
1,1649,1801,1078,1451,1913,1114
1,1647,1804,1080,1450,1913,1114
1,1650,1801,1078,1452,1912,1113
1,1649,1802,1078,1450,1912,1114
1,1644,1802,1079,1450,1913,1114
1,1645,1801,1077,1451,1912,1113
1,1637,1801,1078,1454,1912,1113
1,1621,1801,1077,1451,1913,1114
1,1616,1804,1078,1450,1913,1114
1,1613,1804,1078,1451,1913,1113
1,1606,1805,1081,1448,1911,1113
1,1594,1806,1079,1450,1911,1115
1,1594,1806,1079,1450,1912,1114
1,1586,1804,1077,1451,1912,1113
1,1567,1805,1076,1452,1912,1113
1,1520,1803,1077,1451,1913,1113
1,1469,1806,1078,1450,1912,1114
1,1469,1803,1079,1450,1912,1114
1,1407,1803,1077,1451,1912,1113
1,1267,1803,1078,1451,1912,1113
1,1219,1804,1078,1451,1911,1113
1,1213,1796,1078,1452,1911,1113
1,1208,1796,1078,1450,1912,1113
1,1210,1796,1078,1451,1913,1114
1,1208,1795,1078,1451,1911,1114
1,1208,1796,1079,1450,1913,1114
1,1215,1797,1078,1452,1912,1114
1,1220,1808,1078,1450,1912,1114
1,1241,1807,1079,1450,1912,1114
1,1242,1807,1079,1450,1912,1115
1,1280,1806,1078,1451,1912,1113
1,1337,1807,1078,1451,1912,1114
1,1501,1807,1078,1451,1912,1114
1,1595,1808,1078,1451,1912,1114
1,1696,1807,1078,1451,1913,1114
1,1811,1808,1078,1451,1912,1113
1,1928,1804,1077,1450,1911,1114
1,2031,1794,1079,1450,1912,1113
1,2037,1791,1078,1451,1913,1114
1,2036,1790,1079,1450,1913,1114
1,2037,1790,1078,1451,1912,1114
1,2036,1790,1079,1451,1912,1114
1,2037,1790,1079,1450,1912,1114
1,2037,1790,1078,1451,1911,1113
1,2037,1789,1078,1451,1913,1114
1,2037,1778,1079,1450,1913,1113
1,2037,1752,1079,1452,1912,1113
1,2037,1735,1078,1451,1912,1113
1,2035,1713,1079,1451,1914,1114
1,2031,1677,1077,1451,1912,1114
1,2029,1628,1079,1450,1910,1114
1,2023,1563,1078,1451,1913,1114
1,2023,1504,1079,1451,1912,1114
1,2019,1435,1078,1451,1912,1114
1,2017,1436,1078,1450,1913,1114
1,2015,1364,1077,1451,1912,1114
1,2016,1278,1078,1451,1913,1113
1,2037,1087,1077,1451,1913,1113
1,2037,1047,1079,1450,1913,1114
1,2037,1046,1078,1451,1913,1114
1,2037,1046,1078,1451,1912,1114
1,2037,1046,1079,1450,1913,1114
1,2037,1047,1078,1451,1911,1113
1,2037,1045,1078,1451,1912,1114
1,2037,1043,1079,1451,1911,1114
1,2036,1042,1077,1451,1913,1114
1,2037,1042,1078,1450,1912,1115
1,2037,1043,1079,1450,1912,1114
1,2036,1042,1078,1451,1912,1113
1,2029,1040,1077,1450,1912,1113
1,2011,1041,1078,1450,1912,1115
1,1986,1039,1077,1451,1911,1113
1,1955,1041,1079,1450,1913,1114
1,1911,1039,1079,1451,1912,1113
1,1854,1040,1078,1451,1912,1114
1,1782,1039,1078,1451,1913,1113
1,1782,1038,1079,1451,1912,1113
1,1694,1039,1077,1450,1912,1113
1,1588,1038,1077,1451,1912,1114
1,1505,1041,1079,1451,1912,1114
1,1415,1041,1078,1450,1912,1114
1,1215,1042,1078,1450,1912,1115
1,1193,1042,1078,1451,1911,1114
1,1195,1043,1078,1451,1912,1114
1,1194,1042,1078,1451,1912,1114
1,1194,1044,1079,1450,1913,1114
1,1194,1043,1078,1451,1912,1114
1,1193,1044,1078,1450,1913,1114
1,1193,1043,1078,1451,1912,1114
1,1194,1044,1078,1450,1911,1113
1,1194,1042,1078,1451,1913,1114
1,1195,1044,1078,1450,1912,1114
1,1217,1043,1078,1451,1913,1114
1,1342,1042,1079,1450,1912,1113
1,1425,1041,1078,1451,1912,1114
1,1514,1041,1079,1451,1912,1114
1,1596,1040,1078,1452,1914,1113
1,1700,1040,1078,1450,1912,1113
1,1817,1042,1079,1450,1913,1114
1,1818,1041,1078,1451,1912,1114
1,1956,1042,1078,1450,1912,1114
1,2037,1041,1078,1450,1912,1114
1,2036,1045,1078,1451,1912,1114
1,2037,1042,1079,1450,1912,1115
1,2038,1042,1078,1451,1912,1114
1,2037,1043,1078,1450,1913,1114
1,2037,1042,1078,1451,1911,1113
1,2028,1039,1078,1450,1913,1114
1,2000,1040,1079,1451,1913,1114
1,1951,1039,1077,1450,1911,1113
1,1892,1039,1078,1451,1913,1114
1,1892,1040,1079,1450,1911,1115
1,1802,1039,1078,1451,1912,1114
1,1699,1039,1078,1451,1913,1114
1,1592,1039,1078,1450,1913,1115
1,1511,1039,1077,1450,1912,1113
1,1424,1039,1078,1451,1912,1113
1,1327,1041,1079,1450,1913,1114
1,1189,1046,1078,1451,1911,1113
1,1190,1045,1078,1450,1912,1114
1,1191,1046,1079,1450,1913,1114
1,1190,1044,1077,1451,1913,1114
1,1188,1047,1078,1451,1911,1113
1,1187,1047,1078,1450,1912,1115
1,1188,1047,1078,1451,1912,1114
1,1188,1048,1079,1450,1912,1113
1,1187,1045,1077,1451,1912,1114
1,1189,1047,1079,1450,1912,1114
1,1195,1043,1078,1450,1911,1113
1,1214,1042,1078,1450,1913,1115
1,1302,1043,1078,1451,1913,1114
1,1369,1042,1079,1450,1912,1114
1,1454,1040,1079,1450,1912,1114
1,1555,1040,1076,1451,1912,1115
1,1620,1040,1077,1451,1916,1111
1,1620,1041,1078,1450,1912,1114
1,1673,1040,1078,1452,1912,1113
1,1718,1043,1078,1451,1911,1114
1,1758,1042,1078,1451,1911,1114
1,1798,1042,1078,1451,1913,1114
1,1841,1042,1079,1450,1913,1114
1,1880,1042,1077,1450,1912,1114
1,1912,1042,1078,1451,1912,1113
1,1997,1042,1078,1450,1913,1114
1,2038,1041,1078,1451,1913,1114
1,2037,1042,1082,1446,1913,1114
1,2037,1041,1078,1452,1912,1113
1,2037,1042,1079,1451,1911,1113
1,2036,1041,1078,1451,1914,1113
1,2037,1041,1079,1450,1912,1113
1,2037,1042,1078,1452,1911,1113
1,2037,1041,1078,1451,1912,1114
1,2037,1040,1079,1450,1912,1114
1,2032,1039,1078,1450,1912,1114
1,2012,1039,1078,1451,1912,1114
1,1925,1040,1077,1450,1912,1114
1,1855,1038,1078,1450,1913,1114
1,1777,1039,1079,1450,1913,1114
1,1694,1039,1078,1451,1913,1114
1,1695,1040,1079,1450,1912,1114
1,1596,1040,1078,1450,1913,1113
1,1546,1040,1077,1451,1912,1114
1,1480,1041,1079,1450,1912,1114
1,1422,1042,1078,1451,1911,1113
1,1375,1042,1079,1451,1913,1113
1,1343,1041,1077,1451,1912,1113
1,1321,1042,1078,1451,1911,1113
1,1240,1044,1078,1452,1912,1113
1,1194,1043,1078,1450,1913,1114
1,1192,1042,1078,1450,1910,1114
1,1193,1044,1078,1450,1911,1115
1,1192,1043,1078,1451,1912,1114
1,1193,1044,1079,1450,1912,1114
1,1192,1043,1078,1451,1913,1114
1,1193,1043,1078,1450,1913,1117
1,1192,1042,1076,1451,1913,1114
1,1193,1043,1079,1451,1913,1113
1,1191,1043,1078,1451,1912,1114
1,1190,1045,1078,1452,1912,1114
1,1190,1045,1077,1451,1913,1114
1,1190,1044,1077,1451,1912,1113
1,1191,1046,1077,1450,1913,1114
1,1189,1044,1077,1451,1911,1114
1,1189,1043,1079,1451,1912,1113
1,1190,1043,1078,1450,1911,1114
1,1193,1042,1078,1451,1912,1114
1,1194,1043,1079,1450,1912,1114
1,1193,1043,1078,1450,1912,1114
1,1198,1043,1078,1451,1911,1113
1,1229,1043,1079,1450,1912,1113
1,1265,1042,1078,1451,1913,1114
1,1354,1043,1077,1452,1912,1114
1,1402,1041,1079,1450,1912,1114
1,1450,1040,1078,1450,1913,1114
1,1510,1040,1078,1450,1912,1114
1,1509,1040,1078,1452,1911,1114
1,1579,1040,1079,1451,1912,1113
1,1618,1041,1078,1451,1911,1113
1,1682,1041,1079,1451,1912,1114
1,1737,1042,1079,1450,1913,1114
1,1789,1042,1078,1451,1912,1114
1,1842,1042,1078,1452,1909,1113
1,1885,1046,1079,1451,1913,1115
1,1914,1041,1078,1450,1912,1114
1,1974,1041,1078,1451,1913,1114
1,2007,1040,1079,1450,1912,1114
1,2037,1043,1077,1450,1913,1114
1,2037,1041,1077,1450,1914,1114
1,2037,1041,1079,1450,1913,1117
1,2037,1041,1078,1451,1912,1113
1,2037,1043,1079,1451,1911,1114
1,2037,1041,1077,1450,1913,1114
1,2036,1039,1077,1451,1913,1114
1,2037,1041,1079,1451,1912,1114
1,2036,1038,1077,1451,1913,1114
1,2018,1040,1079,1450,1911,1114
1,1920,1039,1077,1451,1913,1114
1,1834,1040,1079,1450,1913,1114
1,1835,1039,1078,1451,1912,1113
1,1697,1040,1078,1452,1912,1114
1,1564,1040,1078,1451,1913,1115
1,1422,1040,1077,1451,1913,1113
1,1281,1042,1079,1450,1913,1114
1,1191,1045,1078,1451,1912,1114
1,1190,1046,1079,1450,1913,1114
1,1191,1045,1076,1451,1912,1114
1,1185,1051,1078,1451,1913,1114
1,1185,1052,1079,1450,1913,1114
1,1185,1051,1077,1451,1913,1114
1,1188,1048,1078,1450,1913,1114
1,1187,1048,1078,1449,1912,1114
1,1208,1049,1079,1450,1914,1114
1,1262,1061,1078,1451,1912,1114
1,1330,1060,1078,1451,1913,1114
1,1430,1046,1079,1450,1912,1114
1,1530,1041,1078,1452,1912,1113
1,1603,1039,1079,1450,1913,1114
1,1676,1040,1078,1450,1912,1113
1,1775,1039,1078,1451,1913,1114
1,1835,1041,1079,1451,1913,1114
1,1908,1040,1078,1451,1912,1114
1,2038,1040,1079,1451,1912,1113
1,2038,1043,1079,1451,1910,1114
1,2037,1042,1077,1451,1912,1113
1,2037,1042,1078,1450,1912,1114
1,2038,1043,1079,1450,1912,1115
1,2036,1042,1077,1452,1912,1114
1,2037,1039,1079,1451,1913,1117
1,2035,1039,1078,1451,1912,1114
1,2006,1039,1079,1450,1912,1114
1,1946,1039,1078,1451,1911,1114
1,1853,1039,1078,1452,1912,1113
1,1723,1040,1078,1451,1913,1114
1,1474,1040,1079,1450,1913,1115
1,1474,1041,1079,1450,1913,1114
1,1336,1041,1079,1450,1912,1114
1,1192,1045,1078,1450,1913,1115
1,1192,1040,1078,1451,1912,1113
1,1190,1042,1076,1452,1913,1113
1,1191,1042,1079,1451,1912,1114
1,1192,1043,1079,1451,1912,1113
1,1191,1044,1079,1450,1913,1114
1,1195,1043,1079,1450,1912,1114
1,1234,1043,1078,1451,1913,1114
1,1317,1044,1078,1450,1911,1114
1,1503,1042,1078,1450,1913,1115
1,1504,1041,1077,1451,1913,1114
1,1595,1040,1079,1451,1913,1114
1,1668,1041,1078,1451,1912,1113
1,1746,1041,1079,1450,1912,1114
1,1821,1041,1078,1452,1912,1114
1,1895,1043,1078,1450,1912,1114
1,1967,1042,1079,1451,1912,1115
1,2036,1045,1078,1452,1912,1114
1,2038,1046,1079,1450,1913,1114
1,2037,1046,1079,1451,1911,1114
1,2037,1044,1078,1451,1913,1114
1,2033,1046,1079,1450,1912,1115
1,2009,1045,1078,1452,1912,1114
1,1971,1046,1078,1450,1912,1113
1,1920,1042,1078,1451,1912,1114
1,1844,1042,1079,1450,1912,1114
1,1729,1042,1078,1450,1912,1114
1,1592,1042,1078,1451,1912,1114
1,1497,1042,1078,1452,1912,1114
1,1381,1042,1078,1451,1912,1114
1,1280,1046,1079,1450,1912,1114
1,1192,1047,1077,1451,1911,1114
1,1189,1050,1076,1451,1912,1114
1,1220,1057,1078,1450,1913,1114
1,1334,1118,1078,1451,1913,1114
1,1769,1563,1078,1451,1912,1114
1,1463,1323,1076,1452,1912,1114
1,1648,1411,1078,1452,1912,1114
1,1597,1421,1078,1450,1913,1115
1,1596,1419,1077,1451,1913,1114
1,1592,1420,1078,1450,1911,1114
1,1592,1420,1078,1452,1912,1113
1,1591,1420,1079,1450,1912,1114
1,1592,1420,1078,1452,1913,1114
1,1594,1420,1078,1451,1911,1113
1,1594,1420,1079,1451,1913,1115
1,1591,1419,1078,1450,1913,1114
1,1592,1420,1078,1452,1911,1113
1,1595,1420,1079,1451,1912,1114
1,1594,1419,1078,1452,1912,1113
1,1594,1420,1078,1450,1912,1114
1,1594,1420,1077,1450,1911,1114
1,1595,1419,1078,1452,1911,1114
1,1594,1419,1078,1451,1913,1114
1,1593,1420,1079,1450,1912,1114
1,1594,1420,1078,1450,1913,1114
1,1594,1419,1078,1451,1911,1114
1,1593,1420,1081,1448,1915,1111
1,1590,1420,1113,1449,1911,1113
1,1595,1423,1115,1448,1913,1114
1,1593,1419,1115,1447,1913,1114
1,1592,1420,1116,1449,1911,1113
1,1592,1419,1113,1453,1913,1114
1,1595,1420,1111,1452,1913,1115
1,1593,1420,1110,1451,1910,1115
1,1592,1419,1110,1451,1912,1114
1,1594,1420,1110,1451,1911,1113
1,1593,1420,1092,1453,1912,1113
1,1594,1420,1077,1453,1912,1114
1,1592,1424,1077,1452,1912,1114
1,1591,1419,1075,1451,1912,1114
1,1592,1418,1076,1452,1913,1113
1,1594,1419,1077,1451,1912,1113
1,1595,1420,1077,1451,1912,1114
1,1591,1419,1076,1451,1913,1115
1,1595,1420,1075,1454,1914,1115
1,1594,1419,1075,1452,1912,1113
1,1592,1420,1075,1451,1912,1114
1,1594,1420,1075,1452,1913,1115
1,1594,1419,1074,1452,1912,1114
1,1595,1420,1075,1451,1912,1114
1,1594,1420,1075,1451,1912,1116
1,1594,1419,1074,1452,1913,1114
1,1592,1420,1074,1451,1912,1114
1,1593,1420,1078,1448,1913,1114
1,1594,1420,1073,1451,1913,1113
1,1594,1419,1073,1453,1912,1113
1,1592,1420,1074,1452,1913,1114
1,1591,1419,1070,1452,1911,1113
1,1593,1420,1072,1453,1913,1114
1,1593,1419,1070,1453,1912,1114
1,1592,1419,1070,1452,1912,1114
1,1594,1420,1072,1452,1912,1114
1,1593,1420,1072,1452,1912,1114
1,1595,1420,1070,1454,1912,1114
1,1593,1419,1070,1454,1912,1114
1,1591,1419,1071,1453,1912,1113
1,1593,1420,1071,1454,1911,1114
1,1594,1420,1069,1453,1913,1114
1,1594,1420,1070,1454,1912,1114
1,1594,1420,1071,1453,1912,1114
1,1592,1419,1068,1457,1912,1113
1,1594,1420,1070,1457,1911,1114
1,1595,1420,1068,1461,1913,1114
1,1591,1419,1068,1476,1911,1113
1,1592,1420,1070,1491,1912,1114
1,1593,1419,1068,1508,1913,1114
1,1595,1420,1068,1535,1913,1115
1,1594,1420,1069,1535,1912,1113
1,1593,1419,1067,1574,1913,1115
1,1592,1420,1069,1719,1913,1114
1,1594,1419,1069,1823,1915,1112
1,1595,1420,1079,1873,1913,1114
1,1593,1420,1079,1874,1913,1114
1,1595,1419,1079,1874,1913,1114
1,1594,1418,1076,1873,1911,1113
1,1594,1420,1077,1873,1913,1114
1,1595,1420,1078,1875,1912,1113
1,1592,1419,1077,1874,1911,1113
1,1592,1419,1078,1873,1913,1115
1,1592,1420,1078,1874,1912,1114
1,1591,1420,1075,1873,1911,1114
1,1594,1420,1077,1872,1913,1114
1,1592,1419,1076,1872,1913,1114
1,1592,1419,1076,1871,1913,1113
1,1594,1419,1074,1868,1911,1113
1,1592,1419,1075,1854,1912,1113
1,1595,1420,1076,1809,1912,1113
1,1592,1420,1076,1741,1913,1114
1,1592,1420,1074,1660,1914,1114
1,1594,1420,1075,1561,1912,1113
1,1593,1419,1075,1562,1912,1113
1,1592,1419,1075,1486,1912,1115
1,1595,1420,1077,1428,1912,1113
1,1594,1420,1077,1357,1912,1113
1,1595,1420,1078,1205,1913,1114
1,1591,1420,1078,1159,1913,1114
1,1594,1419,1077,1099,1912,1113
1,1591,1419,1076,1051,1912,1114
1,1594,1420,1076,1049,1912,1114
1,1595,1420,1078,1048,1912,1114
1,1594,1420,1075,1049,1912,1114
1,1592,1420,1075,1048,1912,1114
1,1594,1420,1076,1048,1912,1113
1,1594,1419,1076,1051,1913,1114
1,1592,1420,1076,1050,1911,1114
1,1595,1420,1076,1060,1912,1113
1,1594,1420,1077,1127,1913,1115
1,1593,1420,1076,1203,1912,1114
1,1593,1420,1076,1292,1913,1114
1,1591,1420,1076,1404,1916,1111
1,1592,1420,1076,1508,1913,1114
1,1591,1418,1074,1644,1912,1114
1,1592,1419,1077,1796,1912,1113
1,1593,1420,1076,1865,1911,1113
1,1592,1420,1081,1864,1913,1114
1,1593,1420,1081,1865,1913,1114
1,1592,1420,1080,1865,1913,1114
1,1592,1420,1079,1865,1911,1113
1,1593,1420,1080,1865,1912,1114
1,1593,1420,1080,1871,1913,1114
1,1595,1420,1080,1866,1913,1114
1,1591,1418,1077,1864,1911,1113
1,1593,1420,1078,1864,1912,1113
1,1593,1420,1076,1858,1913,1115
1,1593,1419,1076,1819,1913,1114
1,1594,1420,1076,1763,1912,1114
1,1593,1420,1078,1763,1913,1114
1,1590,1420,1076,1707,1912,1114
1,1592,1419,1076,1640,1913,1114
1,1595,1420,1076,1563,1913,1114
1,1592,1420,1076,1501,1914,1113
1,1592,1420,1076,1376,1913,1115
1,1594,1420,1073,1294,1913,1114
1,1592,1420,1075,1214,1912,1114
1,1595,1420,1078,1122,1913,1114
1,1592,1420,1078,1052,1913,1114
1,1591,1420,1078,1051,1913,1114
1,1592,1420,1079,1049,1912,1114
1,1592,1420,1079,1049,1913,1114
1,1593,1419,1077,1050,1912,1114
1,1593,1420,1079,1051,1914,1113
1,1591,1420,1079,1049,1913,1115
1,1592,1420,1080,1048,1913,1114
1,1592,1420,1079,1045,1911,1114
1,1595,1420,1082,1039,1912,1113
1,1592,1420,1087,1037,1913,1114
1,1592,1417,1090,1031,1912,1114
1,1592,1420,1098,1027,1913,1114
1,1593,1420,1120,1030,1912,1114
1,1595,1420,1119,1030,1913,1114
1,1594,1420,1154,1034,1913,1114
1,1593,1420,1206,1038,1912,1114
1,1592,1419,1284,1045,1912,1114
1,1594,1420,1362,1044,1912,1114
1,1594,1419,1444,1045,1913,1114
1,1595,1420,1632,1042,1913,1114
1,1594,1419,1740,1027,1912,1114
1,1593,1420,1759,1031,1911,1115
1,1593,1419,1757,1032,1913,1114
1,1593,1420,1758,1031,1912,1114
1,1592,1420,1758,1031,1913,1115
1,1592,1420,1759,1032,1912,1114
1,1594,1419,1758,1032,1913,1114
1,1592,1420,1758,1032,1913,1113
1,1592,1419,1758,1032,1912,1113
1,1592,1420,1758,1031,1912,1114
1,1591,1419,1758,1032,1913,1114
1,1594,1420,1759,1032,1913,1114
1,1595,1420,1758,1032,1912,1114
1,1593,1420,1758,1032,1912,1113
1,1591,1419,1756,1030,1913,1114
1,1591,1420,1743,1021,1913,1114
1,1593,1420,1735,1019,1913,1114
1,1592,1420,1735,1021,1913,1114
1,1594,1420,1723,1021,1912,1114
1,1595,1420,1693,1027,1911,1114
1,1595,1419,1647,1033,1912,1114
1,1592,1420,1583,1041,1913,1114
1,1594,1419,1508,1045,1913,1114
1,1593,1419,1259,1045,1912,1114
1,1591,1420,1114,1027,1913,1114
1,1592,1420,1083,1034,1912,1113
1,1593,1420,1079,1040,1911,1114
1,1593,1420,1077,1043,1913,1114
1,1593,1419,1075,1045,1911,1114
1,1593,1418,1075,1045,1913,1114
1,1592,1420,1076,1044,1912,1114
1,1595,1420,1078,1044,1912,1114
1,1594,1419,1078,1040,1912,1115
1,1593,1419,1081,1034,1913,1114
1,1592,1419,1092,1025,1912,1114
1,1592,1420,1158,1020,1912,1113
1,1592,1420,1228,1040,1913,1114
1,1592,1420,1308,1046,1913,1114
1,1595,1420,1398,1046,1913,1114
1,1595,1420,1486,1045,1913,1114
1,1593,1419,1557,1046,1913,1114
1,1593,1419,1557,1039,1912,1114
1,1592,1419,1639,1039,1912,1114
1,1591,1420,1720,1024,1913,1114
1,1592,1420,1746,1020,1911,1114
1,1591,1419,1746,1021,1912,1114
1,1593,1420,1746,1022,1912,1114
1,1594,1420,1746,1021,1913,1115
1,1592,1420,1746,1022,1912,1113
1,1592,1420,1747,1021,1913,1114
1,1593,1420,1747,1022,1912,1113
1,1593,1420,1747,1024,1912,1114
1,1593,1419,1747,1024,1913,1114
1,1591,1419,1747,1024,1913,1114
1,1593,1419,1747,1025,1913,1114
1,1593,1420,1747,1026,1912,1114
1,1593,1420,1756,1032,1912,1114
1,1592,1420,1796,1062,1913,1114
1,1593,1420,1811,1074,1912,1114
1,1595,1420,1810,1075,1913,1114
1,1594,1420,1811,1086,1912,1114
1,1591,1419,1811,1120,1913,1114
1,1593,1420,1811,1177,1913,1114
1,1593,1420,1811,1259,1913,1114
1,1592,1420,1812,1372,1911,1113
1,1592,1420,1812,1481,1911,1114
1,1593,1419,1813,1482,1913,1114
1,1594,1420,1814,1597,1913,1114
1,1591,1420,1815,1711,1912,1114
1,1592,1420,1814,1814,1913,1114
1,1587,1419,1802,1824,1912,1114
1,1595,1420,1799,1835,1912,1114
1,1595,1420,1788,1841,1913,1114
1,1593,1422,1774,1848,1913,1114
1,1594,1420,1767,1857,1912,1114
1,1594,1420,1765,1857,1911,1114
1,1594,1420,1765,1858,1913,1114
1,1594,1420,1765,1858,1911,1114
1,1592,1420,1766,1857,1912,1115
1,1595,1419,1763,1858,1911,1114
1,1594,1419,1756,1860,1916,1112
1,1591,1420,1749,1862,1912,1114
1,1592,1418,1739,1862,1911,1113
1,1594,1420,1719,1861,1913,1114
1,1591,1419,1673,1860,1913,1114
1,1595,1420,1517,1854,1913,1115
1,1594,1420,1427,1853,1911,1113
1,1592,1419,1318,1853,1912,1113
1,1595,1420,1318,1860,1912,1113
1,1592,1420,1196,1861,1912,1114
1,1593,1420,1086,1877,1913,1114
1,1593,1420,1081,1877,1913,1114
1,1593,1420,1082,1878,1912,1114
1,1592,1419,1080,1877,1911,1114
1,1595,1420,1083,1877,1913,1115
1,1593,1419,1086,1878,1911,1114
1,1595,1420,1126,1877,1912,1114
1,1592,1419,1277,1866,1913,1114
1,1593,1420,1368,1855,1912,1113
1,1591,1420,1459,1853,1913,1114
1,1594,1419,1460,1853,1912,1114
1,1593,1420,1549,1852,1913,1115
1,1595,1420,1667,1856,1913,1114
1,1593,1420,1766,1861,1912,1114
1,1595,1420,1783,1849,1912,1114
1,1591,1420,1806,1838,1911,1114
1,1593,1420,1806,1837,1913,1114
1,1594,1420,1805,1838,1912,1114
1,1594,1420,1803,1839,1913,1114
1,1594,1419,1771,1848,1913,1114
1,1595,1420,1754,1858,1912,1114
1,1593,1420,1736,1862,1913,1114
1,1593,1420,1736,1862,1911,1114
1,1592,1419,1724,1862,1913,1114
1,1592,1419,1714,1863,1912,1114
1,1592,1420,1702,1860,1912,1114
1,1591,1420,1678,1860,1913,1114
1,1592,1418,1637,1857,1911,1114
1,1591,1420,1584,1855,1913,1114
1,1593,1419,1529,1853,1911,1113
1,1592,1420,1466,1854,1913,1114
1,1591,1419,1294,1854,1913,1114
1,1592,1419,1180,1854,1911,1114
1,1593,1420,1084,1878,1912,1114
1,1593,1420,1085,1878,1912,1114
1,1592,1420,1084,1877,1913,1115
1,1591,1419,1084,1877,1913,1114
1,1593,1420,1084,1878,1912,1114
1,1592,1420,1085,1878,1913,1114
1,1591,1419,1084,1877,1913,1115
1,1595,1420,1087,1878,1911,1114
1,1592,1419,1133,1873,1913,1114
1,1595,1420,1223,1858,1913,1114
1,1595,1420,1336,1855,1911,1114
1,1592,1420,1538,1852,1912,1115
1,1592,1420,1538,1857,1911,1114
1,1592,1420,1657,1853,1912,1114
1,1594,1420,1771,1853,1912,1114
1,1595,1419,1811,1823,1912,1113
1,1592,1419,1818,1812,1912,1113
1,1592,1420,1816,1814,1913,1115
1,1591,1420,1816,1813,1913,1115
1,1593,1420,1816,1796,1913,1114
1,1595,1420,1816,1763,1912,1114
1,1595,1420,1816,1726,1912,1113
1,1595,1420,1816,1688,1912,1114
1,1593,1420,1816,1656,1912,1114
1,1592,1420,1816,1582,1912,1113
1,1592,1420,1816,1535,1912,1114
1,1592,1420,1815,1536,1912,1114
1,1592,1419,1815,1479,1912,1115
1,1593,1420,1816,1427,1913,1114
1,1593,1420,1815,1375,1912,1114
1,1591,1420,1815,1314,1912,1114
1,1593,1419,1815,1250,1912,1113
1,1593,1420,1815,1195,1911,1113
1,1591,1419,1814,1132,1912,1113
1,1595,1421,1813,1081,1912,1114
1,1592,1420,1813,1078,1909,1114
1,1595,1419,1812,1078,1913,1114
1,1592,1420,1813,1078,1911,1113
1,1591,1419,1812,1078,1912,1114
1,1591,1418,1812,1078,1913,1114
1,1592,1419,1812,1082,1911,1118
1,1592,1420,1813,1085,1912,1113
1,1594,1420,1813,1104,1912,1114
1,1591,1419,1813,1152,1913,1115
1,1594,1420,1814,1219,1913,1113
1,1593,1419,1814,1310,1912,1114
1,1595,1419,1815,1402,1913,1114
1,1594,1420,1815,1481,1911,1113
1,1593,1420,1815,1552,1913,1114
1,1592,1420,1815,1631,1912,1114
1,1593,1420,1815,1692,1913,1114
1,1595,1419,1815,1761,1911,1113
1,1592,1420,1815,1810,1912,1113
1,1595,1420,1811,1817,1913,1114
1,1593,1419,1810,1819,1912,1114
1,1595,1420,1813,1818,1912,1113
1,1592,1420,1811,1818,1912,1114
1,1593,1424,1815,1816,1913,1114
1,1595,1420,1816,1810,1913,1114
1,1594,1419,1814,1785,1913,1114
1,1592,1419,1814,1742,1913,1114
1,1591,1420,1814,1692,1911,1113
1,1592,1420,1815,1630,1912,1114
1,1594,1420,1815,1552,1913,1114
1,1592,1419,1814,1473,1913,1114
1,1594,1420,1815,1399,1913,1114
1,1595,1420,1814,1320,1913,1114
1,1594,1420,1814,1239,1912,1114
1,1592,1420,1814,1161,1912,1114
1,1595,1420,1814,1094,1911,1113
1,1596,1420,1812,1078,1912,1113
1,1595,1420,1812,1079,1912,1114
1,1601,1417,1812,1079,1913,1114
1,1592,1420,1814,1081,1912,1114
1,1595,1420,1813,1082,1913,1114
1,1591,1418,1813,1094,1913,1114
1,1592,1420,1813,1128,1912,1113
1,1595,1419,1814,1197,1912,1114
1,1593,1420,1814,1283,1912,1114
1,1592,1420,1813,1384,1913,1114
1,1594,1419,1815,1483,1913,1114
1,1595,1420,1815,1582,1912,1114
1,1595,1419,1814,1685,1913,1114
1,1592,1419,1815,1772,1913,1114
1,1593,1420,1815,1813,1911,1114
1,1592,1420,1810,1820,1912,1114
1,1594,1420,1808,1819,1912,1115
1,1594,1419,1810,1820,1913,1114
1,1595,1420,1812,1819,1912,1114
1,1594,1419,1814,1817,1912,1114
1,1594,1420,1815,1811,1913,1114
1,1594,1420,1815,1791,1913,1114
1,1594,1419,1815,1750,1911,1114
1,1592,1420,1815,1702,1913,1114
1,1591,1420,1815,1642,1913,1114
1,1594,1420,1816,1573,1911,1114
1,1593,1420,1815,1514,1913,1115
1,1594,1420,1815,1514,1912,1114
1,1593,1420,1815,1414,1913,1112
1,1592,1420,1815,1368,1913,1114
1,1591,1420,1814,1331,1912,1114
1,1592,1420,1815,1301,1913,1115
1,1594,1419,1813,1288,1911,1114
1,1593,1420,1814,1288,1913,1114
1,1595,1420,1814,1293,1913,1114
1,1594,1420,1814,1306,1912,1114
1,1595,1420,1813,1320,1911,1113
1,1594,1420,1813,1336,1912,1115
1,1592,1419,1813,1354,1912,1114
1,1594,1419,1815,1353,1913,1114
1,1591,1420,1813,1380,1913,1114
1,1592,1420,1815,1383,1911,1114
1,1592,1420,1814,1384,1913,1114
1,1594,1419,1813,1381,1912,1114
1,1595,1420,1813,1381,1913,1114
1,1593,1420,1813,1382,1913,1114
1,1593,1420,1814,1382,1912,1114
1,1591,1419,1813,1382,1912,1114
1,1592,1420,1814,1384,1913,1114
1,1594,1420,1813,1389,1911,1113
1,1594,1419,1813,1393,1913,1114
1,1593,1419,1818,1389,1912,1114
1,1592,1420,1813,1395,1913,1114
1,1591,1420,1814,1412,1912,1114
1,1595,1420,1815,1420,1913,1114
1,1593,1420,1815,1427,1911,1113
1,1592,1420,1815,1432,1912,1113
1,1593,1420,1815,1433,1913,1114
1,1592,1420,1814,1437,1912,1114
1,1593,1420,1815,1448,1912,1113
1,1592,1419,1814,1461,1913,1115
1,1592,1420,1815,1484,1914,1113
1,1593,1420,1816,1506,1911,1114
1,1592,1419,1814,1506,1913,1115
1,1595,1419,1815,1543,1913,1114
1,1593,1420,1815,1632,1912,1114
1,1594,1420,1815,1666,1913,1114
1,1593,1420,1816,1702,1913,1114
1,1591,1420,1815,1729,1912,1114
1,1592,1420,1814,1762,1913,1114
1,1595,1420,1815,1794,1912,1114
1,1595,1420,1816,1808,1913,1115
1,1593,1419,1815,1809,1913,1114
1,1595,1420,1815,1808,1913,1113
1,1594,1419,1815,1809,1913,1114
1,1593,1420,1815,1809,1913,1114
1,1591,1419,1814,1808,1913,1114
1,1594,1420,1815,1802,1911,1114
1,1594,1420,1815,1768,1913,1114
1,1594,1420,1814,1745,1913,1114
1,1595,1420,1815,1727,1912,1114
1,1594,1420,1815,1712,1913,1114
1,1593,1420,1815,1697,1912,1113
1,1594,1420,1814,1689,1913,1114
1,1593,1420,1813,1688,1913,1114
1,1593,1420,1813,1689,1913,1114
1,1596,1420,1810,1696,1913,1114
1,1595,1420,1806,1696,1912,1113
1,1594,1420,1800,1712,1912,1113
1,1592,1424,1758,1718,1912,1113
1,1592,1420,1725,1723,1911,1114
1,1592,1420,1694,1727,1912,1113
1,1592,1419,1666,1731,1912,1113
1,1593,1420,1629,1733,1913,1114
1,1593,1419,1573,1728,1913,1115
1,1595,1420,1513,1714,1911,1113
1,1594,1420,1438,1704,1912,1114
1,1593,1420,1437,1690,1913,1114
1,1593,1420,1362,1690,1912,1114
1,1593,1420,1291,1684,1913,1114
1,1593,1420,1133,1684,1913,1115
1,1592,1419,1081,1685,1911,1113
1,1592,1420,1081,1716,1914,1114
1,1594,1420,1081,1732,1913,1114
1,1592,1420,1080,1732,1912,1114
1,1592,1419,1081,1734,1913,1114
1,1591,1420,1081,1732,1913,1115
1,1593,1420,1082,1733,1912,1114
1,1593,1420,1080,1737,1912,1114
1,1593,1419,1080,1758,1912,1114
1,1593,1420,1081,1759,1912,1114
1,1595,1419,1082,1791,1912,1114
1,1592,1420,1083,1832,1913,1114
1,1595,1419,1082,1858,1913,1115
1,1592,1419,1083,1859,1912,1114
1,1593,1419,1082,1859,1912,1114
1,1592,1420,1085,1855,1913,1114
1,1591,1420,1082,1841,1913,1114
1,1593,1420,1082,1814,1912,1114
1,1592,1420,1082,1777,1913,1114
1,1592,1420,1082,1731,1912,1113
1,1593,1420,1082,1730,1913,1114
1,1592,1420,1081,1698,1912,1114
1,1593,1420,1083,1659,1912,1113
1,1594,1420,1081,1615,1913,1113
1,1593,1420,1082,1567,1912,1114
1,1592,1420,1083,1461,1913,1114
1,1594,1418,1081,1429,1913,1114
1,1593,1420,1083,1381,1913,1114
1,1595,1419,1084,1325,1912,1113
1,1593,1420,1085,1256,1912,1114
1,1591,1420,1086,1195,1912,1113
1,1592,1419,1085,1130,1913,1115
1,1592,1419,1085,1130,1912,1114
1,1595,1420,1086,1092,1912,1114
1,1590,1420,1085,1055,1913,1114
1,1591,1420,1085,1046,1913,1114
1,1595,1419,1085,1046,1913,1114
1,1595,1420,1085,1049,1913,1115
1,1594,1419,1082,1062,1913,1114
1,1593,1420,1083,1076,1912,1114
1,1595,1420,1081,1105,1913,1113
1,1592,1420,1080,1145,1911,1113
1,1592,1419,1079,1206,1912,1114
1,1592,1420,1080,1280,1913,1114
1,1595,1420,1079,1280,1912,1114
1,1595,1420,1081,1364,1913,1114
1,1595,1419,1079,1452,1913,1114
1,1592,1420,1079,1520,1912,1114
1,1594,1419,1082,1599,1912,1114
1,1591,1420,1085,1665,1913,1114
1,1593,1420,1099,1707,1913,1114
1,1591,1418,1136,1700,1912,1114
1,1595,1420,1198,1702,1912,1114
1,1591,1419,1275,1715,1912,1114
1,1592,1420,1352,1721,1913,1114
1,1593,1420,1433,1721,1913,1114
1,1593,1420,1433,1721,1912,1114
1,1595,1419,1510,1716,1913,1114
1,1595,1419,1581,1707,1913,1115
1,1594,1420,1675,1707,1913,1114
1,1595,1420,1761,1719,1912,1114
1,1591,1420,1812,1727,1913,1114
1,1592,1419,1812,1659,1913,1114
1,1594,1420,1812,1641,1912,1114
1,1593,1420,1813,1632,1913,1114
1,1594,1420,1813,1632,1911,1113
1,1594,1420,1812,1635,1912,1114
1,1593,1420,1806,1640,1913,1113
1,1591,1420,1806,1641,1913,1113
1,1594,1420,1805,1648,1913,1114
1,1594,1420,1803,1668,1916,1112
1,1591,1418,1793,1701,1913,1114
1,1592,1420,1764,1714,1913,1114
1,1593,1420,1706,1712,1911,1114
1,1594,1420,1547,1700,1912,1114
1,1594,1419,1464,1665,1911,1114
1,1593,1420,1363,1651,1913,1114
1,1594,1420,1248,1635,1913,1114
1,1593,1420,1117,1607,1912,1113
1,1592,1420,1078,1600,1912,1114
1,1592,1420,1077,1600,1912,1113
1,1594,1419,1078,1611,1912,1114
1,1595,1420,1078,1631,1913,1114
1,1592,1420,1078,1640,1913,1114
1,1593,1420,1078,1639,1911,1113
1,1594,1420,1078,1639,1912,1113
1,1594,1419,1083,1626,1913,1114
1,1592,1419,1084,1584,1912,1113
1,1595,1420,1093,1561,1913,1116
1,1591,1420,1119,1549,1912,1114
1,1592,1419,1163,1545,1912,1114
1,1595,1420,1232,1548,1913,1114
1,1593,1420,1233,1548,1912,1114
1,1593,1425,1312,1560,1913,1114
1,1595,1419,1395,1567,1913,1114
1,1593,1420,1477,1571,1913,1114
1,1592,1420,1558,1571,1912,1114
1,1594,1419,1657,1572,1913,1114
1,1591,1419,1815,1576,1912,1115
1,1592,1419,1815,1498,1912,1114
1,1595,1420,1814,1483,1914,1113
1,1593,1420,1814,1479,1912,1115
1,1593,1419,1813,1481,1913,1114
1,1594,1420,1811,1485,1912,1114
1,1594,1419,1811,1491,1912,1114
1,1595,1420,1811,1490,1911,1114
1,1593,1419,1807,1496,1912,1114
1,1593,1420,1808,1501,1913,1114
1,1598,1420,1802,1504,1913,1114
1,1595,1420,1784,1503,1913,1113
1,1595,1419,1759,1503,1911,1114
1,1593,1419,1630,1476,1912,1113
1,1594,1419,1547,1455,1914,1114
1,1593,1420,1466,1451,1913,1115
1,1595,1420,1372,1447,1911,1115
1,1591,1420,1372,1445,1912,1114
1,1595,1419,1267,1444,1913,1115
1,1593,1420,1152,1444,1913,1115
1,1592,1420,1079,1447,1913,1114
1,1592,1420,1078,1452,1912,1114
1,1592,1420,1077,1464,1912,1114
1,1592,1420,1077,1485,1913,1114
1,1592,1421,1077,1497,1913,1114
1,1593,1420,1077,1521,1913,1114
1,1595,1420,1077,1527,1913,1115
1,1594,1420,1078,1533,1912,1114
1,1592,1419,1077,1543,1913,1114
1,1593,1420,1077,1558,1913,1115
1,1593,1420,1077,1558,1912,1114
1,1592,1419,1077,1593,1913,1114
1,1594,1419,1077,1633,1913,1114
1,1593,1420,1078,1668,1912,1114
1,1591,1420,1078,1712,1913,1114
1,1593,1420,1078,1761,1913,1115
1,1593,1420,1079,1839,1912,1113
1,1593,1419,1081,1867,1912,1114
1,1592,1420,1080,1867,1913,1115
1,1593,1420,1080,1867,1912,1114
1,1595,1420,1080,1867,1913,1114
1,1591,1420,1080,1866,1913,1114
1,1593,1420,1079,1866,1913,1114
1,1592,1419,1080,1866,1913,1114
1,1593,1420,1079,1866,1913,1114
1,1593,1420,1081,1865,1912,1114
1,1591,1420,1081,1865,1913,1114
1,1593,1419,1080,1857,1912,1114
1,1594,1420,1082,1828,1913,1114
1,1592,1419,1080,1775,1913,1115
1,1595,1420,1081,1634,1913,1114
1,1594,1419,1080,1555,1913,1114
1,1594,1420,1081,1480,1913,1114
1,1595,1420,1081,1426,1913,1114
1,1593,1420,1083,1425,1913,1114
1,1594,1420,1085,1354,1913,1114
1,1592,1420,1085,1278,1917,1111
1,1595,1420,1085,1210,1913,1114
1,1594,1420,1085,1164,1913,1114
1,1591,1420,1084,1134,1913,1114
1,1592,1420,1084,1132,1913,1114
1,1592,1420,1084,1134,1912,1114
1,1593,1420,1085,1187,1913,1114
1,1592,1419,1084,1216,1913,1114
1,1595,1420,1084,1245,1912,1114
1,1593,1420,1085,1245,1913,1114
1,1592,1420,1085,1280,1913,1114
1,1593,1420,1084,1308,1913,1114
1,1592,1419,1084,1337,1912,1114
1,1595,1420,1085,1360,1913,1114
1,1595,1420,1086,1375,1913,1114
1,1594,1419,1084,1383,1912,1114
1,1594,1419,1085,1385,1913,1114
1,1594,1420,1084,1387,1911,1114
1,1593,1420,1084,1390,1913,1114
1,1592,1419,1083,1392,1913,1113
1,1595,1419,1084,1393,1912,1114
1,1595,1419,1084,1393,1912,1114
1,1593,1420,1084,1393,1913,1114
1,1592,1420,1086,1393,1913,1115
1,1595,1419,1084,1394,1912,1114
1,1595,1420,1085,1395,1913,1114
1,1592,1420,1084,1396,1912,1115
1,1592,1420,1085,1398,1912,1114
1,1592,1420,1085,1408,1913,1115
1,1591,1420,1083,1419,1913,1114
1,1591,1420,1083,1427,1913,1114
1,1591,1420,1082,1446,1913,1114
1,1592,1420,1082,1449,1912,1113
1,1594,1420,1083,1449,1913,1114
1,1595,1420,1083,1450,1913,1114
1,1591,1420,1081,1449,1912,1114
1,1594,1420,1082,1449,1912,1114
1,1591,1421,1082,1450,1912,1114
1,1592,1420,1082,1451,1913,1114
1,1593,1420,1083,1450,1915,1114
1,1593,1420,1083,1452,1913,1114
1,1594,1422,1082,1452,1913,1114
1,1594,1420,1082,1451,1913,1113
1,1592,1420,1082,1451,1913,1114
1,1593,1420,1083,1451,1913,1114
1,1590,1420,1083,1451,1913,1115
1,1591,1420,1082,1450,1913,1114
1,1591,1419,1082,1451,1912,1114
1,1595,1420,1082,1452,1913,1114
1,1593,1419,1082,1450,1913,1115
1,1593,1420,1083,1450,1913,1115
1,1591,1420,1083,1450,1913,1114
1,1594,1420,1082,1451,1913,1114
1,1592,1420,1081,1450,1912,1114
1,1592,1419,1083,1451,1912,1113
1,1592,1419,1080,1451,1912,1114
1,1595,1419,1080,1452,1913,1113
1,1595,1420,1081,1456,1913,1114
1,1593,1419,1080,1451,1913,1114
1,1595,1420,1081,1453,1910,1114
1,1592,1419,1080,1453,1912,1114
1,1595,1420,1081,1452,1913,1114
1,1595,1420,1081,1452,1913,1115
1,1593,1420,1080,1452,1911,1114
1,1592,1420,1080,1453,1913,1114
1,1594,1420,1082,1452,1913,1113
1,1601,1418,1080,1452,1912,1114
1,1595,1420,1084,1453,1912,1114
1,1595,1420,1081,1456,1913,1114
1,1591,1419,1079,1456,1913,1114
1,1593,1420,1078,1460,1913,1114
1,1594,1420,1078,1472,1913,1114
1,1592,1419,1077,1483,1913,1114
1,1592,1420,1078,1488,1913,1114
1,1592,1420,1077,1499,1912,1114
1,1595,1420,1077,1506,1913,1114
1,1592,1420,1078,1518,1913,1114
1,1595,1420,1077,1526,1912,1114
1,1595,1420,1076,1534,1913,1114
1,1595,1420,1010,1536,1913,1114
1,1594,1420,1010,1534,1913,1114
1,1594,1420,1011,1535,1913,1113
1,1594,1419,1012,1535,1912,1114
1,1595,1420,1010,1537,1913,1114
1,1594,1420,1011,1534,1913,1114
1,1594,1420,1012,1536,1912,1114
1,1594,1419,1010,1534,1912,1114
1,1594,1420,1010,1534,1912,1114
1,1595,1420,1012,1534,1913,1115
1,1594,1420,1012,1535,1913,1114
1,1595,1419,1011,1535,1912,1114
1,1593,1420,1012,1535,1913,1115
1,1596,1419,1011,1536,1912,1114
1,1595,1420,1011,1534,1911,1114
1,1595,1419,1011,1536,1913,1114
1,1596,1420,1011,1535,1912,1114
1,1594,1420,1010,1534,1912,1114
1,1595,1420,1011,1535,1913,1114
1,1594,1419,1011,1533,1912,1115
1,1595,1420,1010,1535,1913,1114
1,1595,1420,1012,1535,1913,1114
1,1594,1419,1010,1535,1913,1114
1,1594,1420,1012,1535,1913,1114
1,1594,1420,1010,1535,1911,1114
1,1595,1420,1012,1536,1913,1114
1,1594,1420,1010,1535,1912,1114
1,1595,1420,1012,1533,1913,1114
1,1594,1419,1011,1534,1912,1114
1,1595,1419,1010,1535,1913,1114
1,1594,1420,1012,1534,1913,1114
1,1593,1419,1011,1533,1912,1114
1,1595,1419,1011,1535,1913,1114
1,1595,1420,1011,1535,1913,1114
1,1594,1420,1011,1533,1912,1114
1,1595,1420,1011,1534,1912,1114
1,1595,1419,1011,1533,1913,1114
1,1595,1420,1012,1535,1913,1114
1,1594,1419,1011,1534,1913,1114
1,1594,1419,1010,1534,1913,1113
1,1595,1420,1011,1534,1913,1114
1,1594,1420,1012,1534,1912,1114
1,1595,1420,1011,1535,1913,1114
1,1594,1419,1011,1534,1913,1114
1,1595,1420,1012,1534,1913,1114
1,1594,1419,1010,1534,1912,1114
1,1594,1420,1010,1534,1913,1114
1,1593,1420,1012,1534,1913,1115
1,1595,1419,1011,1534,1913,1114
1,1595,1420,1012,1534,1913,1114
1,1594,1420,1011,1534,1913,1114
1,1594,1420,1010,1534,1913,1114
1,1595,1420,1078,1533,1913,1114
1,1592,1420,1077,1533,1913,1114
1,1594,1420,1078,1532,1912,1114
1,1593,1419,1077,1534,1913,1114
1,1595,1420,1077,1534,1913,1114
1,1594,1420,1077,1534,1913,1114
1,1595,1420,1077,1532,1912,1114
1,1594,1420,1078,1533,1912,1114
1,1592,1419,1076,1533,1912,1114
1,1595,1420,1076,1532,1913,1115
1,1594,1420,1077,1531,1912,1113
1,1592,1420,1077,1533,1913,1114
1,1592,1420,1078,1532,1912,1114
1,1595,1419,1077,1533,1913,1114
1,1594,1420,1078,1531,1913,1115
1,1594,1420,1078,1528,1912,1114
1,1593,1419,1078,1525,1913,1114
1,1595,1420,1080,1514,1913,1114
1,1591,1420,1081,1501,1912,1114
1,1591,1420,1080,1480,1912,1114
1,1595,1419,1082,1454,1912,1114
1,1592,1419,1082,1454,1913,1114
1,1591,1420,1086,1441,1913,1114
1,1593,1420,1090,1393,1913,1114
1,1592,1420,1112,1379,1912,1115
1,1592,1419,1158,1366,1912,1114
1,1592,1423,1230,1358,1912,1114
1,1592,1420,1313,1356,1913,1114
1,1595,1420,1382,1358,1913,1114
1,1594,1419,1437,1357,1913,1115
1,1594,1420,1486,1357,1913,1114
1,1595,1420,1549,1369,1912,1114
1,1594,1420,1549,1395,1912,1114
1,1595,1420,1648,1436,1913,1114
1,1594,1420,1741,1436,1913,1114
1,1593,1420,1815,1454,1913,1114
1,1593,1420,1815,1424,1913,1115
1,1591,1419,1814,1415,1913,1114
1,1593,1420,1816,1414,1912,1114
1,1591,1420,1815,1418,1911,1114
1,1591,1419,1814,1425,1913,1113
1,1593,1419,1814,1434,1913,1114
1,1594,1420,1814,1442,1913,1115
1,1593,1420,1812,1448,1911,1114
1,1597,1420,1812,1452,1913,1113
1,1593,1420,1802,1458,1912,1114
1,1595,1419,1764,1459,1913,1114
1,1594,1420,1573,1457,1913,1114
1,1594,1420,1457,1450,1913,1115
1,1594,1419,1331,1449,1913,1116
1,1594,1420,1241,1450,1912,1114
1,1592,1420,1110,1449,1912,1114
1,1595,1420,1077,1454,1913,1114
1,1595,1420,1078,1482,1913,1113
1,1595,1420,1078,1504,1912,1114
1,1592,1420,1077,1519,1913,1115
1,1594,1420,1076,1520,1912,1114
1,1592,1420,1078,1520,1913,1114
1,1595,1419,1079,1516,1912,1113
1,1595,1420,1129,1504,1913,1113
1,1593,1420,1201,1473,1913,1114
1,1593,1420,1308,1471,1913,1114
1,1592,1420,1427,1473,1912,1114
1,1593,1420,1532,1478,1912,1115
1,1592,1419,1631,1484,1912,1114
1,1595,1419,1724,1491,1913,1114
1,1595,1420,1796,1493,1913,1114
1,1592,1420,1812,1452,1911,1112
1,1594,1419,1812,1446,1913,1114
1,1595,1420,1814,1445,1913,1114
1,1594,1419,1813,1446,1912,1114
1,1595,1420,1806,1454,1913,1114
1,1591,1421,1802,1485,1913,1114
1,1593,1419,1800,1511,1914,1114
1,1592,1420,1778,1529,1914,1115
1,1592,1419,1730,1536,1913,1114
1,1595,1420,1661,1534,1913,1117
1,1595,1420,1572,1529,1913,1114
1,1594,1419,1486,1524,1912,1114
1,1592,1420,1395,1518,1912,1114
1,1594,1420,1395,1511,1912,1114
1,1592,1420,1298,1511,1912,1114
1,1594,1420,1175,1508,1913,1114
1,1591,1420,1074,1505,1913,1114
1,1595,1420,1075,1523,1912,1114
1,1592,1420,1076,1540,1913,1115
1,1592,1420,1076,1553,1912,1114
1,1593,1419,1075,1559,1913,1114
1,1594,1420,1076,1565,1912,1114
1,1593,1419,1075,1573,1912,1114
1,1594,1420,1074,1591,1913,1114
1,1595,1420,1076,1606,1912,1114
1,1593,1419,1075,1606,1913,1114
1,1592,1420,1075,1616,1912,1114
1,1595,1420,1074,1623,1913,1114
1,1595,1419,1074,1624,1913,1114
1,1594,1419,1074,1624,1911,1114
1,1595,1420,1075,1624,1913,1115
1,1591,1419,1073,1630,1913,1114
1,1593,1420,1073,1639,1912,1114
1,1593,1420,1074,1651,1913,1114
1,1594,1419,1075,1677,1913,1115
1,1592,1420,1077,1715,1911,1114
1,1592,1420,1077,1756,1913,1113
1,1594,1420,1075,1756,1913,1114
1,1592,1419,1077,1796,1913,1114
1,1595,1420,1077,1842,1913,1114
1,1591,1419,1080,1863,1913,1114
1,1593,1420,1079,1864,1912,1114
1,1594,1420,1078,1863,1912,1114
1,1592,1420,1078,1864,1912,1114
1,1595,1420,1079,1863,1912,1114
1,1591,1420,1078,1863,1913,1115
1,1592,1419,1077,1859,1912,1114
1,1594,1420,1078,1792,1912,1116
1,1593,1420,1077,1681,1912,1114
1,1594,1420,1077,1681,1913,1114
1,1592,1419,1077,1585,1913,1115
1,1593,1420,1077,1498,1913,1114
1,1594,1420,1079,1429,1913,1112
1,1595,1420,1080,1368,1912,1114
1,1593,1420,1082,1222,1913,1113
1,1594,1420,1082,1153,1913,1114
1,1592,1420,1086,1095,1912,1114
1,1592,1420,1087,1043,1911,1114
1,1592,1419,1097,1027,1912,1113
1,1593,1420,1134,1034,1913,1114
1,1592,1420,1134,1052,1912,1114
1,1594,1420,1228,1053,1912,1114
1,1592,1419,1352,1095,1911,1114
1,1594,1420,1465,1128,1913,1114
1,1592,1420,1539,1156,1912,1115
1,1593,1424,1592,1174,1913,1114
1,1591,1420,1763,1197,1912,1114
1,1595,1424,1815,1263,1912,1114
1,1595,1420,1814,1271,1913,1114
1,1594,1419,1813,1283,1915,1112
1,1595,1419,1814,1287,1912,1114
1,1592,1419,1814,1299,1912,1114
1,1595,1420,1814,1331,1913,1113
1,1593,1420,1813,1330,1913,1115
1,1593,1420,1814,1371,1913,1114
1,1595,1420,1814,1419,1912,1114
1,1594,1420,1814,1458,1912,1114
1,1593,1420,1815,1505,1912,1114
1,1593,1420,1816,1565,1913,1114
1,1593,1420,1815,1715,1912,1114
1,1593,1420,1814,1788,1913,1114
1,1592,1420,1809,1821,1913,1116
1,1591,1420,1804,1827,1912,1114
1,1598,1419,1804,1829,1911,1114
1,1594,1419,1804,1829,1913,1114
1,1592,1420,1804,1829,1913,1114
1,1592,1420,1805,1829,1913,1114
1,1592,1419,1807,1828,1913,1114
1,1592,1420,1812,1815,1913,1114
1,1592,1419,1810,1753,1913,1117
1,1593,1420,1809,1665,1913,1114
1,1595,1420,1809,1568,1913,1114
1,1595,1420,1816,1425,1913,1114
1,1594,1420,1814,1343,1913,1115
1,1594,1420,1814,1253,1913,1114
1,1594,1420,1814,1176,1912,1114
1,1593,1420,1814,1112,1911,1114
1,1595,1420,1814,1112,1913,1114
1,1595,1420,1814,1075,1913,1114
1,1594,1420,1809,1069,1913,1114
1,1594,1420,1810,1074,1912,1114
1,1594,1420,1811,1107,1913,1114
1,1591,1420,1810,1163,1913,1113
1,1595,1419,1812,1242,1912,1114
1,1595,1420,1812,1435,1913,1114
1,1595,1420,1814,1511,1912,1114
1,1595,1420,1814,1609,1912,1114
1,1593,1420,1813,1687,1912,1115
1,1595,1420,1810,1743,1913,1115
1,1593,1420,1807,1743,1912,1113
1,1595,1420,1806,1774,1913,1114
1,1592,1419,1804,1774,1912,1113
1,1592,1420,1803,1715,1913,1114
1,1593,1420,1804,1346,1912,1114
1,1595,1420,1803,1527,1912,1114
1,1595,1420,1803,1455,1913,1114
1,1595,1419,1804,1450,1913,1114
1,1594,1420,1804,1450,1913,1114
1,1593,1420,1804,1449,1912,1115
1,1593,1420,1805,1450,1913,1114
1,1593,1420,1804,1451,1912,1114
1,1591,1419,1803,1451,1913,1114
1,1594,1420,1804,1449,1913,1114
1,1593,1420,1803,1456,1911,1114
1,1592,1420,1803,1449,1913,1115
1,1595,1420,1804,1450,1909,1114
1,1594,1420,1804,1449,1913,1114
1,1591,1418,1804,1451,1912,1114
1,1592,1420,1803,1449,1913,1114
1,1591,1419,1803,1450,1913,1115
1,1592,1420,1805,1449,1913,1117
1,1593,1420,1804,1451,1912,1114
1,1592,1419,1804,1451,1913,1114
1,1592,1420,1803,1450,1913,1114
1,1592,1420,1803,1449,1913,1114
1,1593,1419,1804,1449,1913,1114
1,1593,1420,1805,1450,1913,1113
1,1590,1420,1803,1450,1912,1114
1,1594,1422,1804,1450,1913,1114
1,1592,1420,1805,1450,1913,1143
1,1592,1420,1804,1450,1912,1185
1,1592,1420,1803,1450,1911,1243
1,1592,1420,1803,1451,1912,1322
1,1595,1420,1803,1450,1913,1473
1,1594,1420,1803,1451,1912,1534
1,1592,1419,1803,1450,1913,1593
1,1595,1420,1804,1450,1911,1592
1,1593,1420,1804,1449,1913,1661
1,1593,1420,1804,1450,1912,1718
1,1591,1420,1803,1451,1913,1767
1,1593,1420,1804,1449,1912,1816
1,1592,1420,1804,1450,1913,1864
1,1595,1421,1803,1451,1913,1895
1,1591,1420,1803,1450,1913,1921
1,1592,1420,1804,1450,1912,1931
1,1593,1420,1804,1450,1913,1934
1,1594,1420,1803,1451,1913,1933
1,1595,1420,1803,1449,1913,1933
1,1595,1420,1804,1450,1913,1933
1,1595,1420,1803,1450,1912,1933
1,1594,1421,1803,1451,1913,1932
1,1593,1420,1804,1450,1913,1932
1,1593,1421,1803,1450,1913,1933
1,1593,1420,1804,1449,1913,1933
1,1591,1421,1803,1449,1911,1933
1,1592,1420,1804,1451,1912,1934
1,1592,1419,1803,1451,1912,1933
1,1595,1420,1803,1450,1913,1932
1,1593,1420,1803,1450,1913,1934
1,1594,1420,1803,1449,1913,1934
1,1595,1420,1803,1449,1912,1934
1,1594,1420,1804,1450,1912,1932
1,1590,1420,1804,1449,1913,1933
1,1595,1420,1804,1449,1912,1933
1,1594,1420,1804,1450,1913,1932
1,1595,1423,1804,1450,1913,1932
1,1595,1420,1804,1450,1913,1932
1,1595,1420,1805,1450,1913,1932
1,1595,1420,1804,1449,1914,1933
1,1595,1420,1804,1449,1911,1933
1,1594,1420,1804,1450,1913,1933
1,1595,1419,1804,1450,1913,1932
1,1592,1420,1803,1449,1913,1932
1,1595,1420,1804,1449,1913,1933
1,1593,1420,1804,1449,1912,1933
1,1593,1419,1804,1451,1913,1932
1,1593,1420,1804,1450,1913,1933
1,1594,1420,1803,1451,1912,1933
1,1593,1420,1803,1451,1913,1932
1,1593,1420,1804,1450,1913,1933
1,1592,1420,1804,1450,1912,1933
1,1599,1418,1804,1451,1913,1917
1,1595,1419,1803,1451,1912,1859
1,1595,1417,1804,1449,1912,1825
1,1595,1420,1803,1450,1913,1825
1,1593,1420,1804,1450,1912,1782
1,1592,1420,1803,1449,1912,1725
1,1594,1420,1804,1450,1913,1656
1,1594,1420,1803,1451,1912,1573
1,1593,1420,1803,1451,1912,1496
1,1591,1420,1803,1449,1912,1424
1,1592,1420,1805,1450,1912,1344
1,1594,1420,1804,1450,1913,1261
1,1592,1420,1803,1450,1913,1176
1,1593,1420,1804,1449,1912,1114
1,1594,1420,1803,1450,1913,1114
1,1592,1419,1804,1451,1913,1114
1,1594,1419,1803,1451,1913,1114
1,1592,1420,1804,1450,1913,1114
1,1591,1420,1803,1451,1912,1114
1,1591,1420,1803,1450,1912,1114
1,1591,1420,1803,1451,1913,1114
1,1593,1420,1803,1450,1913,1114
1,1593,1420,1804,1450,1914,1114
1,1595,1420,1804,1453,1913,1114
1,1592,1420,1803,1451,1917,1113
1,1592,1420,1803,1450,1912,1114
1,1595,1420,1804,1449,1913,1114
1,1593,1420,1802,1446,1913,1113
1,1592,1420,1802,1448,1912,1113
1,1592,1419,1804,1448,1913,1114
1,1593,1419,1804,1449,1913,1114
1,1592,1420,1803,1448,1913,1115
1,1593,1420,1803,1449,1913,1114
1,1592,1420,1804,1448,1913,1115
1,1592,1420,1804,1448,1913,1115
1,1592,1419,1803,1449,1912,1114
1,1594,1419,1804,1449,1913,1114
1,1592,1420,1804,1449,1912,1114
1,1591,1420,1803,1450,1913,1114
1,1595,1420,1803,1448,1913,1114
1,1595,1420,1803,1450,1912,1114
1,1591,1421,1803,1450,1913,1114
1,1594,1419,1804,1453,1913,1114
1,1593,1420,1803,1449,1913,1114
1,1594,1420,1804,1449,1913,1114
1,1595,1419,1803,1448,1913,1114
1,1594,1420,1804,1448,1912,1114
1,1593,1420,1803,1449,1912,1114
1,1593,1419,1804,1449,1914,1117
1,1595,1420,1804,1448,1913,1114
1,1593,1420,1804,1448,1913,1114
1,1593,1420,1804,1449,1912,1114
1,1591,1419,1806,1446,1913,1113
1,1593,1420,1803,1449,1913,1114
1,1592,1420,1804,1448,1913,1115
1,1595,1421,1804,1448,1913,1113
1,1593,1420,1804,1448,1912,1114
1,1594,1420,1804,1449,1911,1147
1,1593,1419,1804,1449,1911,1205
1,1593,1419,1804,1450,1913,1275
1,1592,1420,1803,1448,1913,1362
1,1595,1420,1803,1448,1913,1473
1,1595,1420,1805,1448,1913,1566
1,1595,1420,1803,1448,1913,1642
1,1593,1420,1804,1448,1913,1686
1,1592,1420,1803,1441,1913,1721
1,1595,1420,1804,1435,1912,1758
1,1591,1420,1805,1430,1912,1805
1,1594,1421,1804,1436,1912,1848
1,1592,1419,1805,1440,1913,1881
1,1595,1421,1805,1441,1913,1913
1,1592,1420,1806,1439,1913,1933
1,1594,1420,1804,1441,1912,1934
1,1594,1419,1803,1445,1912,1933
1,1595,1420,1804,1447,1913,1932
1,1593,1420,1805,1447,1913,1933
1,1593,1420,1803,1448,1912,1934
1,1594,1419,1804,1448,1913,1932
1,1592,1421,1803,1447,1913,1933
1,1595,1420,1803,1447,1912,1933
1,1595,1419,1803,1449,1913,1932
1,1595,1420,1793,1448,1913,1933
1,1592,1420,1781,1447,1913,1933
1,1592,1419,1782,1447,1912,1933
1,1592,1421,1782,1448,1913,1933
1,1593,1420,1782,1447,1913,1932
1,1595,1419,1781,1447,1913,1933
1,1595,1420,1782,1449,1912,1935
1,1593,1419,1782,1449,1913,1932
1,1594,1420,1782,1447,1913,1933
1,1592,1420,1782,1448,1911,1933
1,1595,1419,1781,1448,1913,1932
1,1592,1419,1781,1447,1913,1933
1,1592,1420,1783,1447,1913,1934
1,1595,1420,1782,1450,1913,1932
1,1595,1420,1782,1448,1913,1932
1,1594,1420,1782,1448,1913,1933
1,1592,1420,1782,1450,1912,1933
1,1593,1419,1782,1449,1915,1933
1,1593,1420,1782,1449,1913,1932
1,1592,1420,1782,1448,1912,1933
1,1592,1419,1782,1449,1913,1932
1,1592,1420,1782,1448,1913,1934
1,1594,1420,1782,1450,1912,1933
1,1594,1419,1782,1450,1913,1932
1,1595,1420,1781,1448,1913,1933
1,1593,1420,1782,1449,1912,1933
1,1592,1421,1781,1449,1913,1933
1,1593,1420,1781,1448,1913,1933
1,1591,1420,1782,1448,1912,1933
1,1598,1419,1781,1448,1913,1932
1,1592,1420,1781,1449,1912,1933
1,1593,1420,1782,1450,1913,1932
1,1593,1420,1783,1449,1913,1935
1,1592,1420,1783,1448,1913,1933
1,1591,1421,1782,1449,1912,1932
1,1595,1421,1782,1448,1913,1933
1,1595,1420,1782,1449,1912,1933
1,1594,1420,1782,1449,1911,1933
1,1595,1420,1782,1449,1913,1932
1,1594,1419,1782,1449,1912,1934
1,1593,1421,1783,1449,1913,1932
1,1593,1420,1781,1448,1913,1933
1,1595,1419,1781,1449,1913,1933
1,1592,1421,1782,1448,1912,1933
1,1592,1420,1781,1449,1913,1932
1,1595,1420,1782,1448,1915,1931
1,1595,1420,1781,1449,1912,1933
1,1593,1420,1782,1448,1912,1932
1,1595,1421,1782,1448,1913,1933
1,1595,1420,1783,1449,1912,1933
1,1594,1419,1782,1449,1912,1932
1,1595,1420,1782,1448,1913,1933
1,1594,1420,1782,1448,1912,1933
1,1594,1419,1782,1450,1913,1933
1,1593,1420,1782,1450,1913,1932
1,1593,1420,1782,1449,1913,1932
1,1592,1420,1781,1449,1913,1932
1,1593,1419,1782,1450,1913,1932
1,1593,1420,1783,1449,1913,1933
1,1592,1420,1783,1448,1912,1933
1,1592,1420,1783,1448,1913,1933
1,1593,1419,1781,1448,1912,1934
1,1593,1420,1781,1450,1913,1933
1,1594,1420,1782,1449,1913,1933
1,1592,1419,1784,1453,1914,1933
1,1595,1420,1781,1449,1913,1932
1,1592,1420,1782,1448,1910,1933
1,1594,1420,1782,1448,1912,1933
1,1593,1420,1782,1449,1913,1933
1,1593,1420,1782,1449,1912,1933
1,1593,1419,1782,1449,1913,1933
1,1592,1420,1782,1450,1913,1932
1,1593,1420,1782,1449,1912,1933
1,1595,1420,1782,1449,1913,1933
1,1592,1420,1787,1445,1912,1933
1,1595,1419,1782,1450,1913,1932
1,1595,1419,1783,1448,1912,1933
1,1592,1420,1783,1449,1913,1932
1,1592,1419,1782,1450,1912,1933
1,1595,1420,1782,1449,1892,1932
1,1593,1420,1782,1449,1845,1933
1,1593,1420,1782,1449,1785,1932
1,1594,1420,1782,1449,1731,1933
1,1592,1419,1782,1448,1677,1933
1,1592,1420,1782,1448,1626,1933
1,1593,1420,1783,1448,1578,1933
1,1593,1420,1782,1448,1521,1933
1,1593,1420,1783,1448,1521,1933
1,1592,1420,1783,1449,1464,1933
1,1592,1419,1782,1448,1397,1933
1,1592,1420,1781,1448,1343,1933
1,1592,1420,1783,1448,1248,1933
1,1594,1420,1783,1448,1207,1933
1,1592,1420,1782,1450,1155,1933
1,1594,1420,1782,1449,1119,1933
1,1591,1421,1782,1449,1094,1933
1,1592,1420,1781,1448,1094,1934
1,1593,1420,1782,1448,1094,1933
1,1592,1419,1782,1450,1094,1933
1,1592,1420,1783,1449,1094,1932
1,1593,1420,1782,1450,1095,1933
1,1595,1420,1783,1448,1093,1933
1,1592,1421,1783,1448,1094,1932
1,1595,1421,1781,1448,1094,1932
1,1595,1420,1781,1448,1094,1932
1,1596,1420,1782,1449,1094,1932
1,1598,1420,1783,1448,1094,1932
1,1596,1420,1783,1448,1093,1932
1,1596,1420,1782,1449,1094,1933
1,1595,1419,1781,1449,1094,1933
1,1596,1421,1781,1449,1094,1932
1,1596,1420,1782,1449,1094,1933
1,1596,1420,1782,1449,1094,1933
1,1596,1420,1781,1448,1094,1933
1,1595,1420,1781,1448,1094,1932
1,1596,1419,1782,1450,1095,1933
1,1595,1420,1782,1449,1094,1933
1,1595,1420,1783,1449,1093,1932
1,1593,1419,1782,1450,1094,1933
1,1596,1420,1782,1449,1094,1932
1,1596,1420,1782,1449,1094,1933
1,1595,1419,1781,1449,1094,1933
1,1596,1424,1782,1448,1094,1932
1,1595,1420,1781,1449,1094,1933
1,1596,1419,1782,1449,1094,1933
1,1596,1420,1782,1449,1094,1932
1,1595,1419,1782,1448,1094,1932
1,1596,1420,1782,1449,1094,1933
1,1596,1420,1783,1449,1094,1933
1,1595,1421,1781,1449,1095,1933
1,1596,1420,1782,1448,1093,1933
1,1596,1420,1783,1449,1094,1932
1,1596,1420,1782,1448,1094,1933
1,1596,1419,1781,1448,1093,1932
1,1595,1420,1782,1449,1094,1933
1,1595,1420,1782,1449,1095,1933
1,1595,1419,1783,1450,1095,1933
1,1600,1420,1782,1449,1094,1933
1,1595,1420,1782,1448,1094,1932
1,1595,1418,1781,1449,1094,1933
1,1595,1420,1782,1449,1095,1934
1,1596,1420,1781,1449,1094,1933
1,1596,1420,1782,1449,1093,1933
1,1596,1419,1782,1450,1095,1933
1,1595,1420,1782,1449,1093,1933
1,1595,1421,1782,1449,1094,1933
1,1596,1419,1782,1449,1094,1933
1,1596,1420,1783,1448,1094,1932
1,1596,1420,1782,1449,1095,1933
1,1596,1420,1781,1448,1094,1933
1,1596,1420,1783,1449,1094,1932
1,1595,1420,1781,1450,1093,1932
1,1594,1419,1782,1449,1093,1933
1,1596,1421,1782,1449,1094,1935
1,1596,1420,1782,1448,1093,1933
1,1596,1420,1781,1449,1094,1932
1,1595,1420,1782,1448,1094,1933
1,1594,1420,1782,1449,1094,1934
1,1595,1420,1781,1448,1094,1932
1,1595,1420,1781,1449,1095,1933
1,1595,1420,1781,1450,1095,1933
1,1596,1420,1782,1448,1094,1933
1,1596,1420,1783,1449,1094,1932
1,1596,1420,1782,1448,1093,1932
1,1596,1420,1782,1448,1095,1932
1,1595,1419,1782,1449,1094,1932
1,1596,1420,1783,1449,1094,1932
1,1595,1420,1782,1449,1095,1933
1,1596,1420,1782,1448,1093,1933
1,1596,1421,1783,1448,1094,1932
1,1596,1421,1781,1448,1094,1932
1,1596,1420,1782,1450,1095,1933
1,1595,1420,1781,1451,1096,1934
1,1595,1421,1783,1448,1094,1932
1,1595,1420,1782,1452,1095,1933
1,1595,1419,1782,1449,1094,1933
1,1596,1420,1782,1448,1094,1933
1,1596,1420,1782,1449,1094,1932
1,1596,1420,1781,1448,1119,1933
1,1595,1419,1782,1450,1151,1933
1,1596,1420,1782,1448,1196,1934
1,1595,1420,1781,1450,1243,1933
1,1595,1419,1782,1450,1296,1933
1,1596,1420,1782,1448,1296,1932
1,1596,1420,1786,1445,1347,1933
1,1595,1420,1783,1448,1393,1933
1,1596,1420,1782,1450,1447,1933
1,1594,1420,1782,1448,1505,1933
1,1596,1419,1781,1448,1564,1932
1,1596,1420,1782,1448,1670,1933
1,1595,1419,1782,1450,1720,1932
1,1596,1420,1782,1448,1759,1932
1,1596,1420,1782,1449,1785,1933
1,1595,1419,1782,1449,1808,1933
1,1595,1420,1781,1448,1834,1933
1,1595,1420,1782,1450,1833,1933
1,1596,1420,1782,1450,1869,1932
1,1595,1426,1782,1448,1908,1933
1,1598,1438,1783,1450,1913,1932
1,1596,1421,1782,1448,1913,1933
1,1595,1421,1782,1448,1912,1933
1,1596,1421,1782,1449,1913,1933
1,1596,1421,1782,1449,1913,1933
1,1596,1421,1782,1449,1913,1933
1,1595,1421,1782,1448,1912,1933
1,1595,1422,1782,1450,1912,1933
1,1595,1421,1782,1449,1912,1933
1,1595,1421,1782,1449,1912,1933
1,1595,1421,1781,1449,1913,1933
1,1595,1421,1782,1449,1912,1933
1,1596,1421,1781,1448,1912,1933
1,1595,1421,1782,1448,1911,1933
1,1594,1421,1782,1449,1913,1934
1,1595,1421,1782,1450,1913,1933
1,1595,1421,1782,1449,1913,1933
1,1595,1421,1783,1449,1912,1933
1,1595,1421,1782,1450,1912,1933
1,1595,1420,1783,1448,1913,1932
1,1596,1421,1782,1448,1913,1933
1,1596,1421,1783,1449,1913,1933
1,1596,1422,1782,1448,1912,1933
1,1595,1421,1782,1450,1912,1934
1,1596,1420,1782,1450,1913,1932
1,1596,1422,1781,1448,1913,1933
1,1595,1422,1782,1448,1913,1933
1,1596,1421,1782,1448,1913,1932
1,1595,1421,1782,1449,1913,1933
1,1595,1421,1782,1450,1912,1932
1,1596,1421,1782,1448,1913,1933
1,1596,1421,1783,1448,1913,1933
1,1596,1422,1783,1448,1913,1933
1,1595,1422,1782,1449,1912,1933
1,1596,1425,1783,1448,1912,1933
1,1596,1422,1782,1448,1912,1933
1,1596,1420,1781,1449,1913,1932
1,1597,1421,1782,1448,1913,1933
1,1595,1421,1783,1449,1913,1933
1,1595,1420,1781,1448,1912,1934
1,1595,1421,1782,1449,1913,1933
1,1595,1422,1782,1449,1913,1933
1,1596,1421,1782,1449,1913,1933
1,1596,1421,1782,1449,1913,1932
1,1596,1422,1783,1448,1912,1933
1,1595,1421,1782,1449,1914,1932
1,1596,1421,1782,1448,1912,1933
1,1595,1420,1782,1450,1913,1932
1,1596,1421,1782,1449,1913,1933
1,1601,1421,1782,1448,1911,1933
1,1597,1421,1782,1450,1913,1932
1,1596,1422,1782,1449,1913,1933
1,1595,1421,1781,1449,1912,1933
1,1596,1420,1782,1449,1913,1935
1,1596,1421,1782,1448,1912,1933
1,1595,1420,1782,1449,1913,1932
1,1596,1421,1782,1449,1913,1932
1,1596,1422,1783,1448,1914,1932
1,1596,1421,1782,1448,1913,1933
1,1595,1421,1782,1450,1912,1934
1,1595,1420,1782,1450,1913,1933
1,1596,1421,1782,1448,1907,1933
1,1596,1422,1782,1448,1880,1933
1,1595,1421,1782,1448,1854,1933
1,1595,1422,1782,1449,1817,1933
1,1595,1422,1782,1450,1721,1933
1,1596,1420,1782,1448,1649,1933
1,1596,1422,1783,1448,1553,1933
1,1595,1421,1782,1449,1554,1933
1,1595,1421,1781,1448,1465,1933
1,1595,1422,1782,1448,1375,1933
1,1595,1421,1782,1450,1289,1933
1,1596,1421,1781,1448,1210,1932
1,1595,1422,1783,1448,1133,1932
1,1596,1421,1782,1449,1095,1933
1,1596,1421,1784,1450,1094,1933
1,1595,1421,1783,1452,1094,1932
1,1596,1421,1783,1448,1093,1932
1,1596,1422,1783,1448,1094,1934
1,1596,1422,1782,1448,1094,1934
1,1596,1421,1782,1448,1094,1934
1,1596,1420,1782,1449,1094,1933
1,1595,1421,1782,1450,1094,1933
1,1595,1421,1782,1450,1094,1933
1,1595,1420,1782,1450,1095,1933
1,1595,1421,1782,1448,1094,1933
1,1596,1421,1782,1453,1094,1932
1,1595,1421,1782,1449,1094,1932
1,1595,1421,1782,1449,1094,1933
1,1595,1421,1782,1450,1095,1933
1,1596,1420,1782,1449,1093,1933
1,1596,1420,1782,1449,1093,1935
1,1596,1422,1782,1448,1093,1933
1,1596,1421,1783,1449,1094,1935
1,1597,1421,1783,1449,1094,1932
1,1596,1421,1783,1449,1094,1932
1,1596,1421,1786,1445,1094,1933
1,1596,1421,1782,1448,1094,1933
1,1596,1421,1782,1448,1094,1933
1,1596,1421,1782,1448,1094,1933
1,1595,1421,1781,1448,1094,1932
1,1596,1421,1781,1448,1095,1933
1,1596,1421,1782,1448,1094,1933
1,1596,1421,1782,1449,1094,1934
1,1596,1420,1781,1449,1094,1934
1,1596,1422,1783,1448,1094,1932
1,1595,1422,1782,1450,1096,1932
1,1596,1421,1782,1449,1094,1932
1,1595,1421,1781,1449,1095,1934
1,1596,1420,1781,1449,1094,1933
1,1595,1422,1782,1448,1094,1932
1,1596,1421,1783,1450,1095,1933
1,1596,1421,1781,1449,1094,1932
1,1596,1421,1781,1448,1094,1934
1,1596,1421,1781,1448,1094,1934
1,1596,1421,1781,1449,1094,1933
1,1596,1421,1782,1449,1094,1933
1,1596,1421,1782,1450,1093,1933
1,1595,1421,1782,1449,1094,1933
1,1595,1421,1782,1450,1095,1933
1,1594,1421,1783,1449,1094,1932
1,1595,1420,1782,1450,1094,1933
1,1596,1421,1783,1449,1094,1932
1,1596,1420,1782,1449,1094,1935
1,1595,1422,1782,1448,1094,1932
1,1595,1421,1781,1449,1094,1934
1,1596,1420,1782,1450,1094,1933
1,1596,1422,1782,1448,1094,1933
1,1596,1421,1781,1448,1094,1932
1,1595,1421,1782,1450,1095,1933
1,1596,1421,1781,1448,1094,1933
1,1595,1421,1782,1449,1094,1933
1,1596,1420,1782,1449,1094,1934
1,1596,1422,1783,1448,1094,1932
1,1595,1422,1782,1449,1095,1933
1,1595,1421,1783,1449,1094,1932
1,1596,1420,1781,1449,1094,1932
1,1596,1421,1782,1449,1094,1934
1,1593,1420,1782,1449,1094,1932
1,1596,1421,1782,1449,1130,1933
1,1596,1421,1781,1448,1193,1933
1,1596,1421,1782,1448,1277,1932
1,1596,1424,1783,1448,1361,1933
1,1595,1422,1783,1450,1427,1933
1,1596,1422,1782,1448,1471,1934
1,1595,1421,1782,1449,1512,1933
1,1596,1422,1783,1448,1553,1934
1,1595,1421,1782,1450,1608,1932
1,1596,1421,1781,1449,1669,1933
1,1596,1421,1783,1448,1733,1934
1,1596,1421,1784,1448,1794,1931
1,1595,1422,1782,1449,1849,1933
1,1596,1421,1782,1449,1896,1934
1,1596,1421,1781,1448,1913,1933
1,1595,1421,1782,1449,1914,1932
1,1596,1421,1782,1448,1913,1933
1,1596,1421,1783,1449,1912,1934
1,1595,1421,1782,1449,1913,1932
1,1602,1419,1781,1448,1914,1933
1,1596,1421,1782,1450,1913,1933
1,1596,1421,1782,1449,1913,1933
1,1595,1421,1782,1448,1912,1935
1,1596,1420,1782,1450,1912,1933
1,1596,1421,1783,1449,1912,1932
1,1595,1420,1782,1450,1913,1933
1,1596,1421,1782,1448,1913,1933
1,1596,1421,1782,1448,1913,1933
1,1595,1421,1781,1448,1912,1933
1,1595,1422,1782,1449,1912,1932
1,1596,1421,1782,1448,1913,1933
1,1597,1421,1782,1449,1912,1934
1,1597,1420,1782,1449,1913,1932
1,1596,1421,1783,1450,1913,1933
1,1595,1421,1784,1448,1913,1933
1,1596,1420,1782,1450,1915,1931
1,1596,1422,1782,1448,1913,1932
1,1595,1421,1782,1450,1913,1930
1,1596,1421,1782,1448,1913,1933
1,1595,1420,1782,1450,1913,1932
1,1596,1421,1782,1449,1913,1934
1,1595,1421,1782,1449,1913,1933
1,1596,1421,1782,1448,1913,1932
1,1596,1422,1782,1448,1913,1933
1,1595,1420,1782,1450,1913,1932
1,1596,1421,1782,1449,1913,1934
1,1595,1422,1782,1448,1912,1933
1,1596,1421,1782,1449,1913,1933
1,1596,1421,1781,1448,1913,1933
1,1595,1422,1782,1449,1913,1933
1,1596,1420,1782,1449,1913,1932
1,1596,1421,1782,1449,1912,1933
1,1595,1422,1782,1449,1912,1933
1,1596,1421,1782,1451,1914,1932
1,1596,1421,1781,1447,1912,1933
1,1595,1420,1782,1449,1913,1932
1,1595,1421,1782,1449,1913,1932
1,1595,1421,1782,1449,1913,1933
1,1597,1421,1782,1450,1913,1933
1,1595,1420,1783,1449,1912,1933
1,1596,1421,1783,1448,1913,1932
1,1595,1421,1782,1449,1913,1933
1,1596,1422,1783,1448,1913,1932
1,1596,1421,1783,1449,1913,1933
1,1595,1421,1781,1449,1913,1932
1,1596,1421,1783,1448,1912,1933
1,1595,1421,1782,1449,1913,1932
1,1596,1420,1782,1449,1913,1932
1,1596,1421,1781,1448,1913,1933
1,1594,1420,1782,1449,1913,1932
1,1595,1422,1783,1449,1912,1933
1,1597,1421,1783,1450,1913,1932
1,1596,1421,1781,1450,1912,1933
1,1595,1422,1782,1448,1913,1933
1,1595,1421,1782,1450,1913,1933
1,1596,1421,1781,1449,1913,1932
1,1596,1422,1783,1448,1913,1933
1,1595,1421,1782,1450,1912,1933
1,1596,1420,1781,1449,1913,1932
1,1596,1422,1784,1449,1913,1933
1,1595,1421,1782,1450,1912,1934
1,1595,1421,1781,1449,1914,1932
1,1596,1421,1781,1449,1913,1933
1,1595,1421,1783,1450,1912,1933
1,1596,1421,1782,1450,1913,1933
1,1596,1422,1782,1448,1912,1932
1,1595,1421,1782,1449,1914,1933
1,1596,1421,1782,1448,1913,1935
1,1596,1421,1783,1449,1913,1933
1,1595,1421,1782,1450,1912,1933
1,1595,1421,1782,1450,1912,1934
1,1596,1422,1782,1448,1912,1933
1,1595,1421,1782,1448,1912,1933
1,1595,1421,1783,1449,1912,1934
1,1596,1421,1783,1448,1913,1933
1,1596,1421,1783,1448,1913,1933
1,1596,1421,1782,1448,1913,1934
1,1595,1422,1782,1449,1912,1934
1,1595,1422,1782,1449,1912,1933
1,1596,1421,1782,1449,1913,1932
1,1596,1421,1783,1449,1913,1933
1,1596,1421,1781,1449,1913,1932
1,1596,1421,1782,1449,1913,1932
1,1596,1420,1782,1450,1913,1933
1,1596,1421,1782,1450,1913,1933
1,1596,1421,1782,1449,1913,1932
1,1591,1420,1781,1449,1914,1932
1,1596,1422,1782,1448,1913,1932
1,1596,1421,1782,1448,1913,1932
1,1596,1425,1782,1449,1913,1933
1,1595,1422,1782,1449,1912,1933
1,1595,1420,1780,1449,1913,1933
1,1596,1421,1782,1450,1912,1934
1,1595,1421,1782,1449,1912,1933
1,1595,1421,1782,1450,1912,1933
1,1595,1421,1782,1450,1913,1934
1,1596,1420,1781,1449,1913,1932
1,1596,1421,1781,1449,1913,1933
1,1596,1422,1783,1449,1913,1934
1,1596,1421,1782,1450,1913,1933
1,1596,1421,1782,1450,1913,1932
1,1596,1422,1782,1448,1913,1932
1,1596,1421,1782,1449,1914,1932
1,1595,1420,1782,1450,1913,1932
1,1595,1420,1782,1449,1913,1934
1,1595,1421,1782,1450,1912,1934
1,1595,1421,1781,1449,1912,1934
1,1599,1422,1783,1448,1913,1933
1,1596,1421,1783,1449,1913,1933
1,1600,1421,1782,1449,1913,1934
1,1596,1421,1783,1449,1913,1936
1,1595,1421,1781,1448,1912,1933
1,1596,1421,1782,1448,1912,1933
1,1595,1421,1782,1449,1913,1933
1,1596,1421,1782,1449,1913,1932
1,1596,1420,1782,1449,1913,1932
1,1595,1421,1782,1449,1912,1932
1,1596,1421,1782,1449,1913,1933
1,1596,1421,1783,1449,1913,1934
1,1595,1421,1782,1448,1913,1933
1,1595,1421,1783,1449,1913,1934
1,1596,1421,1782,1448,1912,1933
1,1595,1421,1781,1449,1913,1933
1,1596,1422,1782,1449,1913,1933
1,1596,1421,1782,1450,1913,1933
1,1596,1422,1781,1449,1917,1929
1,1596,1421,1781,1449,1913,1932
1,1596,1422,1782,1448,1913,1933
1,1596,1421,1783,1448,1913,1933
1,1596,1422,1782,1448,1912,1933
1,1595,1421,1782,1450,1913,1933
1,1595,1420,1782,1449,1913,1932
1,1596,1420,1782,1450,1913,1933
1,1596,1421,1782,1449,1913,1932
1,1596,1420,1781,1449,1913,1932
1,1596,1422,1782,1448,1913,1934
1,1596,1421,1783,1449,1913,1934
1,1596,1422,1783,1449,1913,1934
1,1595,1421,1782,1449,1912,1933
1,1596,1420,1782,1449,1912,1933
1,1596,1421,1782,1448,1913,1933
1,1596,1421,1782,1449,1912,1933
1,1595,1420,1781,1449,1914,1932
1,1596,1421,1782,1452,1915,1934
1,1595,1421,1782,1449,1912,1933
1,1596,1421,1782,1454,1913,1932
1,1596,1421,1782,1449,1914,1933
1,1596,1421,1782,1448,1914,1933
1,1595,1421,1782,1449,1912,1933
1,1595,1421,1782,1450,1913,1933
1,1596,1421,1782,1448,1913,1933
1,1597,1421,1782,1449,1913,1933
1,1594,1422,1782,1449,1913,1934
1,1596,1420,1781,1450,1913,1932
1,1596,1421,1782,1449,1913,1932
1,1596,1421,1784,1447,1913,1933
1,1596,1421,1782,1449,1913,1933
1,1595,1421,1782,1450,1912,1933
1,1595,1421,1782,1450,1912,1932
1,1595,1420,1781,1449,1913,1932
1,1596,1421,1782,1448,1913,1932
1,1596,1421,1782,1449,1913,1932
1,1596,1422,1782,1449,1913,1934
1,1595,1422,1782,1450,1912,1933
1,1595,1421,1782,1450,1912,1933
1,1595,1421,1783,1449,1912,1934
1,1595,1421,1782,1450,1912,1933
1,1595,1421,1782,1449,1912,1934
1,1595,1421,1782,1449,1913,1933
1,1595,1420,1781,1450,1913,1932
1,1596,1420,1782,1450,1912,1932
1,1596,1421,1782,1448,1912,1934
1,1594,1421,1782,1449,1912,1934
1,1596,1422,1781,1448,1912,1933
1,1596,1421,1781,1448,1913,1933
1,1595,1420,1782,1448,1912,1933
1,1596,1421,1782,1450,1913,1932
1,1595,1421,1781,1449,1912,1934
1,1595,1420,1781,1449,1913,1932
1,1596,1421,1782,1448,1912,1932
1,1596,1421,1783,1448,1913,1933
1,1596,1422,1782,1448,1912,1933
1,1595,1421,1782,1450,1912,1933
1,1596,1421,1782,1450,1913,1933
1,1596,1421,1782,1449,1913,1933
1,1596,1421,1782,1449,1913,1933
1,1595,1422,1781,1449,1913,1933
1,1595,1421,1782,1448,1913,1933
1,1595,1420,1781,1449,1913,1933
1,1596,1421,1781,1448,1913,1932
1,1596,1421,1783,1448,1913,1933
1,1596,1421,1782,1448,1913,1933
1,1595,1422,1782,1449,1913,1932
1,1596,1422,1782,1448,1913,1932
1,1596,1421,1783,1449,1912,1933
1,1595,1421,1782,1450,1913,1933
1,1596,1421,1782,1450,1913,1933
1,1594,1421,1781,1448,1913,1933
1,1596,1420,1782,1448,1912,1933
1,1595,1421,1783,1450,1913,1932
